"phygad_aclfla" "phygad_ampsp1" "phygad_batcla" "phygad_certae" "phygad_chapro" "phygad_cresp4" "phygad_enclae" "phygad_glypro" "phygad_locpim" "phygad_masaci" "phygad_medaff" "phygad_megluc" "phygad_ortsp3" "phygad_physub" "phygad_plamon" "phygad_pollam" "phygad_stibro" "phygad_sulsp2" "phygad_themic" "phygad_tripim" "phygad_trofal" "phygad_xipsp1" "phygad_mastru" "phygad_micten" "phygad_neoden" "phygad_thanee" "phygad_zoolar" "meansp_fossil" "phygad_isacor" "phygad_isagal" "phygad_isalon" "phygad_isamin" "phygad_isaini" "phygad_hembip" "phygad_gracil" "phygad_oeccus" "phygad_plehun" "phygad_stigag" "phygad_uchmar" "phygad_chithy" "phygad_endsub" "phygad_eudsp." "phygad_gnoten" "phygad_acrnig" "phygad_agaswe" "phygad_atrbic" "phygad_dialav" "phygad_diccra" "phygad_ethsyr" "phygad_lysman" "phygad_meslae" "phygad_xenbit"
"phygad_aclfla" 0 0.114467417089348 0.149966702866141 0.125949734507199 0.103947082547706 0.125209261044946 0.108399020597375 0.133300600761727 0.125220432692348 0.136532761339881 0.126822521886512 0.113994727856311 0.128437363846969 0.121274591281479 0.116687182247518 0.122616401699955 0.111495962803005 0.109454601491042 0.120513214128763 0.129517225298326 0.1328384101118 0.119629702880732 0.127347810485557 0.13340281895577 0.139165518399188 0.11863789926723 0.119860226782772 0.154094084211315 0.161611903103572 0.127976493971138 0.154824396426326 0.148645420479258 0.169739708079341 0.117979453257768 0.125761755453007 0.136110132811294 0.109946746028876 0.100199047842509 0.136549403132199 0.137274148542656 0.107579597986964 0.108122211961308 0.0987356230297516 0.128135583922389 0.12132311718309 0.130390913428823 0.0992238313251728 0.134247536695501 0.101274698903992 0.113272339173455 0.134832916905818 0.114041184206692
"phygad_ampsp1" 0.114467417089348 0 0.104566447196261 0.0710423933165072 0.0884338503773472 0.126536009068275 0.0950734587164308 0.0935318156706431 0.110999568869429 0.0892360485786612 0.0695706510719358 0.0651348307964902 0.0690535508101968 0.0763383086046813 0.0785912372806285 0.159203749085675 0.119200263892661 0.0833401998839541 0.0639642639090699 0.128104911395139 0.086288378129363 0.0700497116684594 0.124655850810177 0.130974881497209 0.140794583886173 0.129774452624921 0.11077834970259 0.147091254100662 0.161297832004433 0.140301320313362 0.17378407966519 0.169466341665027 0.184273424234233 0.112230404091942 0.131688571707609 0.0720766093743617 0.0867789945313161 0.0960735882669565 0.105861044935199 0.072831296501957 0.0584116674555508 0.0903752658090643 0.087738069051915 0.0990130065919539 0.108598244810701 0.0746394591439951 0.107003221568359 0.115176513850877 0.0714526087455685 0.106017432235866 0.0759454476508174 0.091700029737298
"phygad_batcla" 0.149966702866141 0.104566447196261 0 0.106333832940207 0.128119972857623 0.147785495768906 0.121334554725595 0.161730045580006 0.168264847232542 0.152540562224499 0.1315123723085 0.125406999510565 0.109478363135812 0.134305860646104 0.0977228949706301 0.196252820608709 0.143580293317002 0.131324320729577 0.0895046958023854 0.122318841121774 0.119344270019679 0.12052690698306 0.167583016024763 0.13701894057614 0.142070955738848 0.167328501524131 0.125338229790106 0.186921989172757 0.207058308046561 0.170773082294174 0.2113411464029 0.19751271216943 0.212811911285771 0.175126601441232 0.188461413324059 0.0946779311886214 0.124831449783177 0.117523866325651 0.102840171991565 0.10514011095692 0.118535867314826 0.139434099320797 0.0922381523242194 0.114012041254194 0.124343540950563 0.0790253689242357 0.126036550741949 0.181035660181304 0.131828052327373 0.150876038659366 0.0905388825207886 0.135547301993276
"phygad_certae" 0.125949734507199 0.0710423933165072 0.106333832940207 0 0.0713175921320802 0.120085474856296 0.0635339948811279 0.118463719648999 0.122963215918221 0.099161722189753 0.0789639680127937 0.0531839605373491 0.0586564694349253 0.0734406913131856 0.0604504780859905 0.148488335210557 0.101041544305524 0.0721044710896361 0.0518976733751164 0.100183332376192 0.0945488815853416 0.0633551028430363 0.106627826645043 0.10538434498274 0.133651431989956 0.100823683083177 0.0891381642311763 0.140583676991578 0.168388532980691 0.134137982884394 0.174720485984888 0.16600813098703 0.172771114013296 0.119079607300162 0.127707898317353 0.0557096276272851 0.0571945652093473 0.0770269115205971 0.0777608381146784 0.0888432387559467 0.0835445611525624 0.0844098730025905 0.0709790138276461 0.0667894300832459 0.0850868369236729 0.0705172212353593 0.0825290966961757 0.121806093990974 0.0922066003559742 0.085479919874473 0.0857898625408969 0.113043475040279
"phygad_chapro" 0.103947082547706 0.0884338503773472 0.128119972857623 0.0713175921320802 0 0.0810123923999589 0.0657314857167384 0.117442220874291 0.10213911200959 0.0976698881814348 0.0953073035657413 0.0655841017772958 0.0733639211506687 0.0655063564925092 0.0749547465932489 0.108725021145852 0.0601590597527176 0.0737249138820558 0.0842462416495817 0.103544788094121 0.110378517511487 0.0790921851304577 0.0975624078820543 0.102035993429821 0.14135803600381 0.0883123766293051 0.0797948811267366 0.13909171843972 0.16030672750195 0.0988001014654615 0.131781842452885 0.136996871292444 0.141760342931963 0.092883736738027 0.121075357222726 0.0900946547727554 0.0461442420536962 0.0662540202556592 0.100887100462632 0.1141734750211 0.0863084831971826 0.0579470308472001 0.0656789860577386 0.0945972890050017 0.0803738295630912 0.0853952572956855 0.072951288247547 0.0957838969077022 0.0675746622551854 0.0602960672680417 0.0930276974026408 0.090163425631266
"phygad_cresp4" 0.125209261044946 0.126536009068275 0.147785495768906 0.120085474856296 0.0810123923999589 0 0.116857064828356 0.137378072111442 0.12843427809685 0.122928354914971 0.143816199641833 0.120956713639986 0.106309020853217 0.0984993323040378 0.094562712409047 0.126934691670672 0.0742173626700874 0.113427181698716 0.119213879946077 0.108412922200619 0.149530215547507 0.112109212002246 0.119326569557814 0.137992305767316 0.172132078015516 0.13919329196863 0.101112586800253 0.183486746261831 0.178778563856777 0.0955714291864924 0.119572227985782 0.11891708306376 0.157767869225036 0.106465801091586 0.16694739195033 0.117503525303813 0.0940177617656662 0.115673745873062 0.145585800959685 0.156385126715819 0.118820141133585 0.104993076272726 0.0982243067846848 0.140011458769928 0.0853215511759752 0.113377031563095 0.111076764558284 0.13386218253748 0.107911392920454 0.112839640746953 0.123440115460567 0.114860238941344
"phygad_enclae" 0.108399020597375 0.0950734587164308 0.121334554725595 0.0635339948811279 0.0657314857167384 0.116857064828356 0 0.124098524868963 0.11360280588886 0.107067653902221 0.105722642905129 0.063526987876822 0.0846179186450931 0.0875372332408742 0.0763258335010877 0.111916887262347 0.0835540719517026 0.0654899290110247 0.0772251094355732 0.104939843705483 0.118254637963962 0.0839752084878291 0.0987165576579269 0.0701074825841758 0.120354177303631 0.0815955232956776 0.0609209514338359 0.121343754167426 0.145080151519685 0.116884858243386 0.158269134909181 0.148318287924058 0.147237283403032 0.110206518531185 0.1013840768643 0.0920370240970986 0.0695143123932486 0.0656740290064026 0.071930487158655 0.110438482286036 0.0919289490898231 0.0675338598740248 0.0675985584894363 0.0665580093738625 0.100643279029026 0.0877775076034602 0.0516802665752066 0.119830874048134 0.0787508081505495 0.0620075948853353 0.102182953101734 0.0967947685807867
"phygad_glypro" 0.133300600761727 0.0935318156706431 0.161730045580006 0.118463719648999 0.117442220874291 0.137378072111442 0.124098524868963 0 0.107590601856885 0.0640633960272682 0.0995702237486893 0.0915248364249891 0.109181260851284 0.0754047207695365 0.107117480669561 0.141508025083959 0.137970061909409 0.0835252476379787 0.112703969620176 0.14821009997737 0.126930076916206 0.102779357010275 0.13438954338932 0.152341432924873 0.166048266730793 0.128998123602868 0.132296485490712 0.151273762512436 0.151514051467931 0.133565965380808 0.178389073435207 0.168900640587794 0.169778601194271 0.110790193691603 0.114969339903806 0.115360895053977 0.118529318787465 0.133859431522901 0.135566772713593 0.124334235540653 0.0768034763767271 0.0973111314407551 0.117010895817603 0.129257168432734 0.139349500301544 0.130287642842613 0.11603814148628 0.0994879618054703 0.0929851232527736 0.117647180530382 0.13959271272152 0.112218683117757
"phygad_locpim" 0.125220432692348 0.110999568869429 0.168264847232542 0.122963215918221 0.10213911200959 0.12843427809685 0.11360280588886 0.107590601856885 0 0.0866251651002696 0.100104796988565 0.0959452673978261 0.117777321999317 0.102067284788872 0.109038033945933 0.132844020536313 0.138423372166161 0.0935631048757123 0.124981416239171 0.148650160849684 0.11069913956706 0.0938330839019963 0.116082473825899 0.136055737725355 0.1473015516189 0.136602593851534 0.113053608213978 0.157604159117916 0.100062000329121 0.102259921198828 0.137464915602873 0.130123688819447 0.139370731594558 0.0832309249480639 0.102367537226906 0.134331794821606 0.121664717921713 0.124057077160893 0.132235988683165 0.139664459345888 0.0804056241774598 0.0991255681249731 0.11806970123926 0.13915968246261 0.13336298056062 0.14002187753261 0.116454884830058 0.11090402080194 0.0779800132900932 0.103247092750649 0.149555564616481 0.0921165816119005
"phygad_masaci" 0.136532761339881 0.0892360485786612 0.152540562224499 0.099161722189753 0.0976698881814348 0.122928354914971 0.107067653902221 0.0640633960272682 0.0866251651002696 0 0.0879471444580845 0.074495604780256 0.0818441189824634 0.0674727481666139 0.0811611989182216 0.143473926875471 0.125977866560714 0.0717590951430896 0.10293338853058 0.126642962497285 0.109043139171138 0.0791377763173637 0.119842363767397 0.136579869958357 0.15301920499919 0.12266757558765 0.11661403524715 0.155929554907658 0.141060437312803 0.121320889878729 0.171258003440642 0.165104849177927 0.162904666611266 0.10207596318742 0.113090248153804 0.0937233534540846 0.101054392201929 0.129826618485673 0.118486210129796 0.118430761375777 0.0701224696561676 0.0815438754795154 0.105070955212018 0.111281765572224 0.116871135968992 0.119416451500588 0.101833225103586 0.0996128105579919 0.0824740970301827 0.106485577005814 0.137895279367212 0.101908473067556
"phygad_medaff" 0.126822521886512 0.0695706510719358 0.1315123723085 0.0789639680127937 0.0953073035657413 0.143816199641833 0.105722642905129 0.0995702237486893 0.100104796988565 0.0879471444580845 0 0.061907367561963 0.0839425135160275 0.0793711853898308 0.0895078734791667 0.163559102031644 0.136681942085733 0.086907272361721 0.0876549689836693 0.141306910948683 0.0786329814165132 0.068826415239747 0.129064745316383 0.140526301601132 0.150676310247457 0.125662024283827 0.127910112415211 0.148958612115767 0.158093640277228 0.143784525522597 0.183284584904495 0.178585360359271 0.17609147070248 0.114226661037382 0.116609036624434 0.0918349997297082 0.0916822216624302 0.102568145140142 0.106795213960821 0.0908632641330985 0.0695839495959838 0.0980898453688978 0.101493869821429 0.110348658748391 0.11961844220117 0.104965190767639 0.116131682535868 0.104169231080433 0.0829444404177283 0.105817926850792 0.11228755397679 0.108725024458765
"phygad_megluc" 0.113994727856311 0.0651348307964902 0.125406999510565 0.0531839605373491 0.0655841017772958 0.120956713639986 0.063526987876822 0.0915248364249891 0.0959452673978261 0.074495604780256 0.061907367561963 0 0.0613758722479055 0.0530031850503798 0.0725137897451393 0.12653706453972 0.103002676608986 0.0581196645293181 0.0689220654267147 0.117554676499484 0.0978732067263147 0.0564784204978238 0.0936065502188021 0.102569170190672 0.128855483121477 0.0863204158915148 0.0868153851529931 0.118330290581907 0.141014492596077 0.123031543844668 0.162977164581968 0.155368191461502 0.15509927065553 0.0956289415262805 0.0913841077748464 0.0723566056556061 0.0651996215969767 0.0765556444154545 0.0834421065980791 0.0938034755165037 0.0617526549283611 0.0676306789827746 0.075546325590806 0.0776218668309503 0.0953984856356274 0.0833324486907371 0.0811282225364631 0.0925769223157359 0.0646272622303176 0.0720858344451169 0.0936443971247968 0.091184106303533
"phygad_ortsp3" 0.128437363846969 0.0690535508101968 0.109478363135812 0.0586564694349253 0.0733639211506687 0.106309020853217 0.0846179186450931 0.109181260851284 0.117777321999317 0.0818441189824634 0.0839425135160275 0.0613758722479055 0 0.0679444103620422 0.0625709470849166 0.152305321767064 0.0976971919067031 0.0850290740703569 0.0587305558495778 0.109174368158629 0.106451010768306 0.0736419954195742 0.118337573100068 0.123253631334412 0.14487793607867 0.119344081801478 0.0995206887398805 0.150405093110614 0.165561106959546 0.138111974861527 0.175434981768137 0.168586906667284 0.178692090387654 0.109735981050818 0.136835796866278 0.0551236412343556 0.0692128771107739 0.0947560563746104 0.0843294995632878 0.0988779333850279 0.0790419233623488 0.0817723914159187 0.0735096014738744 0.0884365448465835 0.0820115088245101 0.065921237637583 0.0920485266582241 0.123128555879137 0.0825552630619546 0.103232484515906 0.0881460287196792 0.0937611427270459
"phygad_physub" 0.121274591281479 0.0763383086046813 0.134305860646104 0.0734406913131856 0.0655063564925092 0.0984993323040378 0.0875372332408742 0.0754047207695365 0.102067284788872 0.0674727481666139 0.0793711853898308 0.0530031850503798 0.0679444103620422 0 0.0762661300716761 0.123989346471613 0.0930502058470681 0.0672960523039468 0.0792892391626614 0.115991510727791 0.11218171008652 0.0686107226998695 0.0996395635571083 0.125960502810871 0.14861825875028 0.0933674515022109 0.0973928421136702 0.139331832051569 0.156361038631677 0.112617234091377 0.153383304114415 0.151610217213251 0.152220639920625 0.0939523867738518 0.114250549467651 0.0776857221183947 0.0660035142846038 0.0876646447277987 0.104932636115904 0.109210717744706 0.0684051315379907 0.0699391245264138 0.0778411193566945 0.0990105081827229 0.0946041011131533 0.0905096177666686 0.0911936661478869 0.0781122726843525 0.0725919404314771 0.0791143176238526 0.0982589120557204 0.0990541997946969
"phygad_plamon" 0.116687182247518 0.0785912372806285 0.0977228949706301 0.0604504780859905 0.0749547465932489 0.094562712409047 0.0763258335010877 0.107117480669561 0.109038033945933 0.0811611989182216 0.0895078734791667 0.0725137897451393 0.0625709470849166 0.0762661300716761 0 0.144871036538244 0.0969252980306549 0.0730427140641715 0.0706319625796376 0.0801487282231972 0.0977000933453235 0.0587328682505011 0.105855441264912 0.105643409108471 0.139443778002429 0.119365889348182 0.0838067986863211 0.15896681014124 0.157536736408197 0.114875242237562 0.167489594369388 0.146898389165912 0.17283212565187 0.110430058245129 0.135935347153333 0.0542183142690472 0.0680330196319526 0.0961938837122424 0.0870605943490952 0.103449454569778 0.0714230481235719 0.0822987503117358 0.069241483904748 0.0741165489350841 0.0728674763674215 0.0726694254822585 0.0727818174250479 0.12880223550292 0.0897347238732097 0.0972938150543053 0.103632312971858 0.099518692011108
"phygad_pollam" 0.122616401699955 0.159203749085675 0.196252820608709 0.148488335210557 0.108725021145852 0.126934691670672 0.111916887262347 0.141508025083959 0.132844020536313 0.143473926875471 0.163559102031644 0.12653706453972 0.152305321767064 0.123989346471613 0.144871036538244 0 0.100557415728825 0.114728445675613 0.150537204873361 0.156012762581645 0.185482391768129 0.148537569425862 0.120107359499392 0.12070648225669 0.166257340242145 0.108675138834733 0.110953247971827 0.137774409674284 0.151268966607677 0.113539867788938 0.131951706131244 0.119730855564885 0.128145893594376 0.107483808423604 0.116521972006781 0.164460679791322 0.123718156180402 0.113050481978813 0.152514111556481 0.189635045046089 0.136573529894576 0.099357570578195 0.131412436567952 0.149335563970506 0.145741661358845 0.157280880043253 0.111505825764343 0.119634824785351 0.115061560616237 0.0970535988639496 0.163846047542446 0.127559493544428
"phygad_stibro" 0.111495962803005 0.119200263892661 0.143580293317002 0.101041544305524 0.0601590597527176 0.0742173626700874 0.0835540719517026 0.137970061909409 0.138423372166161 0.125977866560714 0.136681942085733 0.103002676608986 0.0976971919067031 0.0930502058470681 0.0969252980306549 0.100557415728825 0 0.101339752586713 0.106523314373153 0.112602672603622 0.152498339092984 0.114336192865875 0.118418031620061 0.111210159665347 0.163410154860236 0.104929704435615 0.0923742893333153 0.148590388897029 0.183294651419595 0.115945480531946 0.136502686500072 0.144142673264831 0.153719052069202 0.110759029140844 0.147274740180359 0.111386022990195 0.0692697201161 0.0840272186323241 0.121483801923007 0.146038264968909 0.120667752009101 0.0746782514972418 0.0857300337448839 0.113074868839867 0.0963406307088908 0.100044315642979 0.0839554261404836 0.119844042785533 0.0945545975226157 0.0843390024111599 0.111871257810319 0.106712547984399
"phygad_sulsp2" 0.109454601491042 0.0833401998839541 0.131324320729577 0.0721044710896361 0.0737249138820558 0.113427181698716 0.0654899290110247 0.0835252476379787 0.0935631048757123 0.0717590951430896 0.086907272361721 0.0581196645293181 0.0850290740703569 0.0672960523039468 0.0730427140641715 0.114728445675613 0.101339752586713 0 0.0806827381079453 0.0970484754978688 0.0955357981991504 0.0741090643571062 0.102748295780436 0.089913117379881 0.115834966018432 0.08365759793141 0.0803801363318196 0.122183553912933 0.142094710511671 0.0954994782340462 0.147270082395389 0.146976464937087 0.126192033046292 0.107217686213428 0.097951406240627 0.0931075253831246 0.0792248833118497 0.088993411280198 0.0935601986609814 0.10286333511353 0.0695126871119081 0.0673961084450201 0.0709744723784268 0.0824057000149618 0.101000364969144 0.10339819526736 0.0644613660082732 0.0944420140669476 0.0718148776470574 0.0723533343443575 0.11204926274952 0.102851729660477
"phygad_themic" 0.120513214128763 0.0639642639090699 0.0895046958023854 0.0518976733751164 0.0842462416495817 0.119213879946077 0.0772251094355732 0.112703969620176 0.124981416239171 0.10293338853058 0.0876549689836693 0.0689220654267147 0.0587305558495778 0.0792892391626614 0.0706319625796376 0.150537204873361 0.106523314373153 0.0806827381079453 0 0.104536243394798 0.0967125090627737 0.0814549550446599 0.124509539321978 0.109707964034923 0.12090233572543 0.114953519705996 0.0911031725394183 0.143007925327836 0.16580898942268 0.1352602577731 0.175294188283269 0.162660143360505 0.173110427236239 0.120795033685929 0.136558389418665 0.0597194895895235 0.0764059261875651 0.0778627479179125 0.0742742563687694 0.093001424376167 0.0769494148784276 0.0892876723943345 0.0630183348263486 0.085535193880867 0.0945180641291943 0.0691128134184304 0.0888600204539219 0.130805016373951 0.0905038076041009 0.106526306760558 0.0835189809805057 0.102012778415145
"phygad_tripim" 0.129517225298326 0.128104911395139 0.122318841121774 0.100183332376192 0.103544788094121 0.108412922200619 0.104939843705483 0.14821009997737 0.148650160849684 0.126642962497285 0.141306910948683 0.117554676499484 0.109174368158629 0.115991510727791 0.0801487282231972 0.156012762581645 0.112602672603622 0.0970484754978688 0.104536243394798 0 0.120515808570779 0.113118087396644 0.131327153953472 0.106628866639756 0.127384633953679 0.120598875208899 0.0993440941248213 0.175407730755692 0.191541265108814 0.118708387077658 0.169144758131515 0.1570419827299 0.166790535495776 0.158806018457763 0.171029844026817 0.0977264446290731 0.102013785500566 0.120087751166742 0.114971764423417 0.142925350830706 0.117433645793914 0.124469789489282 0.0832402778471354 0.0904541595076145 0.0710243633619684 0.113371080406568 0.0832507382564259 0.156137531747981 0.135160542724614 0.129464550306897 0.136058903585529 0.148480527926695
"phygad_trofal" 0.1328384101118 0.086288378129363 0.119344270019679 0.0945488815853416 0.110378517511487 0.149530215547507 0.118254637963962 0.126930076916206 0.11069913956706 0.109043139171138 0.0786329814165132 0.0978732067263147 0.106451010768306 0.11218171008652 0.0977000933453235 0.185482391768129 0.152498339092984 0.0955357981991504 0.0967125090627737 0.120515808570779 0 0.0954339294841334 0.155523847250884 0.140671892527681 0.133739421835981 0.142415536992494 0.132737019054952 0.170199017509546 0.177164875751523 0.139186630606748 0.179977490748706 0.187073890968109 0.175319626130958 0.150381781851288 0.14961702582766 0.105616310224501 0.114803261767379 0.12371960565697 0.11515737160697 0.0917943467661543 0.0890131987944205 0.125170234920556 0.0975719392630111 0.117651843252923 0.121775885795336 0.119703926781456 0.119063334490136 0.133833131856671 0.104175580518313 0.129451228148256 0.124110728646718 0.129478483910065
"phygad_xipsp1" 0.119629702880732 0.0700497116684594 0.12052690698306 0.0633551028430363 0.0790921851304577 0.112109212002246 0.0839752084878291 0.102779357010275 0.0938330839019963 0.0791377763173637 0.068826415239747 0.0564784204978238 0.0736419954195742 0.0686107226998695 0.0587328682505011 0.148537569425862 0.114336192865875 0.0741090643571062 0.0814549550446599 0.113118087396644 0.0954339294841334 0 0.0918014366016629 0.119426462570217 0.135624186865673 0.112753853133758 0.0922241607950757 0.149933013455248 0.142140741916302 0.118955009283807 0.16606048761709 0.149201595160048 0.16967562057097 0.0990135120285333 0.115698446820839 0.0715699032898194 0.0724922562842614 0.0965964620768276 0.101984730154828 0.0915267253454778 0.0668189580638031 0.0846090364711576 0.0850609680822977 0.0896071343458593 0.0941818749530281 0.0886362027947039 0.0963786447571165 0.112374924228842 0.0822756124333874 0.0893950879360133 0.101841056631479 0.101375862445642
"phygad_mastru" 0.127347810485557 0.124655850810177 0.167583016024763 0.106627826645043 0.0975624078820543 0.119326569557814 0.0987165576579269 0.13438954338932 0.116082473825899 0.119842363767397 0.129064745316383 0.0936065502188021 0.118337573100068 0.0996395635571083 0.105855441264912 0.120107359499392 0.118418031620061 0.102748295780436 0.124509539321978 0.131327153953472 0.155523847250884 0.0918014366016629 0 0.125003904351398 0.154708518334065 0.102800786466415 0.0966866550957365 0.149732149828595 0.134307514298864 0.11994499419102 0.154560201424321 0.128800515706461 0.169248121254401 0.0970570266534276 0.108420389871164 0.11719868472346 0.0971438591765861 0.110136319688078 0.13988789893085 0.14646001596278 0.107034638312189 0.10148254726309 0.116491076247864 0.110743732679153 0.101294019976092 0.128600610195554 0.107929824295734 0.130972519321126 0.116101581488957 0.0860376379014629 0.1374631078359 0.135352148483814
"phygad_micten" 0.13340281895577 0.130974881497209 0.13701894057614 0.10538434498274 0.102035993429821 0.137992305767316 0.0701074825841758 0.152341432924873 0.136055737725355 0.136579869958357 0.140526301601132 0.102569170190672 0.123253631334412 0.125960502810871 0.105643409108471 0.12070648225669 0.111210159665347 0.089913117379881 0.109707964034923 0.106628866639756 0.140671892527681 0.119426462570217 0.125003904351398 0 0.104907545570373 0.10304176644945 0.0654114371340223 0.131126706385801 0.149772485371018 0.115368868815027 0.152811738967108 0.142543355881576 0.130946119986007 0.14344764956973 0.129739082484038 0.124650289586547 0.111394674869075 0.0960319724649426 0.103105105783168 0.146536414488863 0.120222360785752 0.106572827719835 0.0965250133060202 0.0975664163630745 0.121055594730571 0.120601599964546 0.0810325449507177 0.148975921273802 0.114258776172143 0.1036711204405 0.133804127596891 0.121240303992386
"phygad_neoden" 0.139165518399188 0.140794583886173 0.142070955738848 0.133651431989956 0.14135803600381 0.172132078015516 0.120354177303631 0.166048266730793 0.1473015516189 0.15301920499919 0.150676310247457 0.128855483121477 0.14487793607867 0.14861825875028 0.139443778002429 0.166257340242145 0.163410154860236 0.115834966018432 0.12090233572543 0.127384633953679 0.133739421835981 0.135624186865673 0.154708518334065 0.104907545570373 0 0.12887762742929 0.108693112328984 0.155663256340662 0.160724383595318 0.14762636394088 0.186421396616843 0.177781406775002 0.153574594733619 0.174347354753156 0.144145314923987 0.143163148505072 0.15054505707496 0.129716188441163 0.117104546230095 0.141167678740706 0.131484483591111 0.14525959640206 0.108831125617533 0.130286863501086 0.145801715004909 0.143899125925909 0.120121768330037 0.175425880043561 0.138803095783138 0.148896961257943 0.149016150914052 0.142511841794885
"phygad_thanee" 0.11863789926723 0.129774452624921 0.167328501524131 0.100823683083177 0.0883123766293051 0.13919329196863 0.0815955232956776 0.128998123602868 0.136602593851534 0.12266757558765 0.125662024283827 0.0863204158915148 0.119344081801478 0.0933674515022109 0.119365889348182 0.108675138834733 0.104929704435615 0.08365759793141 0.114953519705996 0.120598875208899 0.142415536992494 0.112753853133758 0.102800786466415 0.10304176644945 0.12887762742929 0 0.0988084413280184 0.114350567882149 0.166848225132952 0.123628465729412 0.164174121141072 0.167391636949444 0.136033509872099 0.134417929681139 0.0992552218386393 0.123789171124315 0.0903029241374126 0.094103773529542 0.114355289900579 0.137478864033926 0.119806011894189 0.0944170320496824 0.0921776209858312 0.0984406233673145 0.119981094109492 0.133347632050558 0.0808086378792734 0.1083800977303 0.112186276301701 0.0812148985285594 0.137938897940514 0.139091909405957
"phygad_zoolar" 0.119860226782772 0.11077834970259 0.125338229790106 0.0891381642311763 0.0797948811267366 0.101112586800253 0.0609209514338359 0.132296485490712 0.113053608213978 0.11661403524715 0.127910112415211 0.0868153851529931 0.0995206887398805 0.0973928421136702 0.0838067986863211 0.110953247971827 0.0923742893333153 0.0803801363318196 0.0911031725394183 0.0993440941248213 0.132737019054952 0.0922241607950757 0.0966866550957365 0.0654114371340223 0.108693112328984 0.0988084413280184 0 0.136064584294294 0.13187097190453 0.0935001851623847 0.133604942515666 0.115920813351912 0.130235221169317 0.109573732614193 0.120926271130694 0.103224604077227 0.091206660300969 0.079825458480669 0.0926317723955791 0.130747540301502 0.10302276418406 0.0900981530589056 0.0755699037954671 0.096630540187993 0.0991382495268796 0.0962682972375065 0.0750401392229001 0.132207914275119 0.0926974518819657 0.0884956941824808 0.107891372934721 0.0981155217092523
"meansp_fossil" 0.154094084211315 0.147091254100662 0.186921989172757 0.140583676991578 0.13909171843972 0.183486746261831 0.121343754167426 0.151273762512436 0.157604159117916 0.155929554907658 0.148958612115767 0.118330290581907 0.150405093110614 0.139331832051569 0.15896681014124 0.137774409674284 0.148590388897029 0.122183553912933 0.143007925327836 0.175407730755692 0.170199017509546 0.149933013455248 0.149732149828595 0.131126706385801 0.155663256340662 0.114350567882149 0.136064584294294 0 0.175468230181543 0.163639187271639 0.192626702920337 0.191264984387706 0.161147775491913 0.159612391049282 0.117241556393628 0.160938291370142 0.143638621830787 0.125502519037335 0.140343697120746 0.15617938419681 0.141148698696856 0.132109123661816 0.14167728882851 0.142510703790012 0.171907742664963 0.159838983100323 0.131821717897011 0.144414120403143 0.129133115670632 0.12123359714054 0.155907490949023 0.149132441457462
"phygad_isacor" 0.161611903103572 0.161297832004433 0.207058308046561 0.168388532980691 0.16030672750195 0.178778563856777 0.145080151519685 0.151514051467931 0.100062000329121 0.141060437312803 0.158093640277228 0.141014492596077 0.165561106959546 0.156361038631677 0.157536736408197 0.151268966607677 0.183294651419595 0.142094710511671 0.16580898942268 0.191541265108814 0.177164875751523 0.142140741916302 0.134307514298864 0.149772485371018 0.160724383595318 0.166848225132952 0.13187097190453 0.175468230181543 0 0.148297165996978 0.165965759815568 0.13743409059509 0.165006755817451 0.115069451974443 0.115951982396811 0.175876628151773 0.174015100598088 0.161431833957557 0.163938805016528 0.188018852052064 0.131367179123401 0.146784573803304 0.163898140466924 0.172462750349867 0.177229297333569 0.179470247039087 0.157178109937634 0.167686508250918 0.132544763987222 0.150115455195499 0.191481109548353 0.128772689608713
"phygad_isagal" 0.127976493971138 0.140301320313362 0.170773082294174 0.134137982884394 0.0988001014654615 0.0955714291864924 0.116884858243386 0.133565965380808 0.102259921198828 0.121320889878729 0.143784525522597 0.123031543844668 0.138111974861527 0.112617234091377 0.114875242237562 0.113539867788938 0.115945480531946 0.0954994782340462 0.1352602577731 0.118708387077658 0.139186630606748 0.118955009283807 0.11994499419102 0.115368868815027 0.14762636394088 0.123628465729412 0.0935001851623847 0.163639187271639 0.148297165996978 0 0.0950432589181676 0.101410840419646 0.100410914671682 0.117435112613541 0.142680007160393 0.148975437507118 0.117572979186408 0.121159437557848 0.153558672047164 0.162917233908989 0.118152459940976 0.112160686164255 0.112247181265095 0.150110918501242 0.128030835155196 0.153483414229044 0.109893939643343 0.121851914961485 0.11156847864705 0.10705892724924 0.153845907807505 0.129383801378263
"phygad_isalon" 0.154824396426326 0.17378407966519 0.2113411464029 0.174720485984888 0.131781842452885 0.119572227985782 0.158269134909181 0.178389073435207 0.137464915602873 0.171258003440642 0.183284584904495 0.162977164581968 0.175434981768137 0.153383304114415 0.167489594369388 0.131951706131244 0.136502686500072 0.147270082395389 0.175294188283269 0.169144758131515 0.179977490748706 0.16606048761709 0.154560201424321 0.152811738967108 0.186421396616843 0.164174121141072 0.133604942515666 0.192626702920337 0.165965759815568 0.0950432589181676 0 0.112305089484402 0.11064311413336 0.132023810229598 0.180777095590602 0.190345010742435 0.157035682564317 0.147246345568825 0.198994482799147 0.203969007861664 0.163534107703251 0.151597739822139 0.154042994687921 0.19813948465039 0.157933751865669 0.183013282819583 0.165043576125136 0.144970868483906 0.137159723284008 0.143278914625835 0.174192463638378 0.152772829562843
"phygad_isamin" 0.148645420479258 0.169466341665027 0.19751271216943 0.16600813098703 0.136996871292444 0.11891708306376 0.148318287924058 0.168900640587794 0.130123688819447 0.165104849177927 0.178585360359271 0.155368191461502 0.168586906667284 0.151610217213251 0.146898389165912 0.119730855564885 0.144142673264831 0.146976464937087 0.162660143360505 0.1570419827299 0.187073890968109 0.149201595160048 0.128800515706461 0.142543355881576 0.177781406775002 0.167391636949444 0.115920813351912 0.191264984387706 0.13743409059509 0.101410840419646 0.112305089484402 0 0.150838429794875 0.110837126071836 0.166422556198699 0.17388268582165 0.154058939998264 0.14450384032253 0.181660303613558 0.207499989201799 0.145434954635221 0.149408847929519 0.155486365647615 0.178184535959192 0.143668771962743 0.169244965614653 0.15148028555686 0.162877783975286 0.14612962936699 0.1439952236678 0.17779662205144 0.143916236109211
"phygad_isaini" 0.169739708079341 0.184273424234233 0.212811911285771 0.172771114013296 0.141760342931963 0.157767869225036 0.147237283403032 0.169778601194271 0.139370731594558 0.162904666611266 0.17609147070248 0.15509927065553 0.178692090387654 0.152220639920625 0.17283212565187 0.128145893594376 0.153719052069202 0.126192033046292 0.173110427236239 0.166790535495776 0.175319626130958 0.16967562057097 0.169248121254401 0.130946119986007 0.153574594733619 0.136033509872099 0.130235221169317 0.161147775491913 0.165006755817451 0.100410914671682 0.11064311413336 0.150838429794875 0 0.159166120091085 0.154810361412689 0.196131862017549 0.165642294060458 0.145546967403056 0.174535528874224 0.196838015623163 0.165859778734946 0.150324466755004 0.147330316758564 0.185997502746792 0.178207789441373 0.191766490052694 0.149378319635622 0.134898017717121 0.140352294428282 0.135679580121031 0.186000466897705 0.162497296172884
"phygad_hembip" 0.117979453257768 0.112230404091942 0.175126601441232 0.119079607300162 0.092883736738027 0.106465801091586 0.110206518531185 0.110790193691603 0.0832309249480639 0.10207596318742 0.114226661037382 0.0956289415262805 0.109735981050818 0.0939523867738518 0.110430058245129 0.107483808423604 0.110759029140844 0.107217686213428 0.120795033685929 0.158806018457763 0.150381781851288 0.0990135120285333 0.0970570266534276 0.14344764956973 0.174347354753156 0.134417929681139 0.109573732614193 0.159612391049282 0.115069451974443 0.117435112613541 0.132023810229598 0.110837126071836 0.159166120091085 0 0.109320645102156 0.127358755106152 0.106326696904127 0.111197874611947 0.141208181402765 0.152527346586775 0.0985920010416078 0.0861069163898968 0.122977278062347 0.142305993257888 0.123138806868948 0.126382646477792 0.122900475888964 0.106652956779853 0.0819515799588664 0.0951746311004296 0.137440684917366 0.0909317261956624
"phygad_gracil" 0.125761755453007 0.131688571707609 0.188461413324059 0.127707898317353 0.121075357222726 0.16694739195033 0.1013840768643 0.114969339903806 0.102367537226906 0.113090248153804 0.116609036624434 0.0913841077748464 0.136835796866278 0.114250549467651 0.135935347153333 0.116521972006781 0.147274740180359 0.097951406240627 0.136558389418665 0.171029844026817 0.14961702582766 0.115698446820839 0.108420389871164 0.129739082484038 0.144145314923987 0.0992552218386393 0.120926271130694 0.117241556393628 0.115951982396811 0.142680007160393 0.180777095590602 0.166422556198699 0.154810361412689 0.109320645102156 0 0.147183115788254 0.12868817924824 0.122013383155942 0.128127247395958 0.143984312800618 0.109886383555999 0.100053448536503 0.130325409944041 0.127917362163522 0.15715412821552 0.154492008465248 0.111069238769656 0.118290567573858 0.101437260379988 0.0932383385429248 0.161584118229686 0.120236619962149
"phygad_oeccus" 0.136110132811294 0.0720766093743617 0.0946779311886214 0.0557096276272851 0.0900946547727554 0.117503525303813 0.0920370240970986 0.115360895053977 0.134331794821606 0.0937233534540846 0.0918349997297082 0.0723566056556061 0.0551236412343556 0.0776857221183947 0.0542183142690472 0.164460679791322 0.111386022990195 0.0931075253831246 0.0597194895895235 0.0977264446290731 0.105616310224501 0.0715699032898194 0.11719868472346 0.124650289586547 0.143163148505072 0.123789171124315 0.103224604077227 0.160938291370142 0.175876628151773 0.148975437507118 0.190345010742435 0.17388268582165 0.196131862017549 0.127358755106152 0.147183115788254 0 0.0767259738599572 0.104547606315456 0.0871175506651891 0.0991819947799129 0.0829105038144395 0.096789593568019 0.0796761288088134 0.0727923977069783 0.0772953793973124 0.0593137289882219 0.0970306939497963 0.136849920472265 0.10504478870695 0.116412086787341 0.0937916489604997 0.11458498443278
"phygad_plehun" 0.109946746028876 0.0867789945313161 0.124831449783177 0.0571945652093473 0.0461442420536962 0.0940177617656662 0.0695143123932486 0.118529318787465 0.121664717921713 0.101054392201929 0.0916822216624302 0.0651996215969767 0.0692128771107739 0.0660035142846038 0.0680330196319526 0.123718156180402 0.0692697201161 0.0792248833118497 0.0764059261875651 0.102013785500566 0.114803261767379 0.0724922562842614 0.0971438591765861 0.111394674869075 0.15054505707496 0.0903029241374126 0.091206660300969 0.143638621830787 0.174015100598088 0.117572979186408 0.157035682564317 0.154058939998264 0.165642294060458 0.106326696904127 0.12868817924824 0.0767259738599572 0 0.0685634806289121 0.101703677062225 0.112657315242125 0.091792168571073 0.0655987942175364 0.0732593092818911 0.0856016338851017 0.0796371297600372 0.086026283529647 0.078473610394198 0.104858940990722 0.0867236091399099 0.0727859632530395 0.0973336244620529 0.110249955107997
"phygad_stigag" 0.100199047842509 0.0960735882669565 0.117523866325651 0.0770269115205971 0.0662540202556592 0.115673745873062 0.0656740290064026 0.133859431522901 0.124057077160893 0.129826618485673 0.102568145140142 0.0765556444154545 0.0947560563746104 0.0876646447277987 0.0961938837122424 0.113050481978813 0.0840272186323241 0.088993411280198 0.0778627479179125 0.120087751166742 0.12371960565697 0.0965964620768276 0.110136319688078 0.0960319724649426 0.129716188441163 0.094103773529542 0.079825458480669 0.125502519037335 0.161431833957557 0.121159437557848 0.147246345568825 0.14450384032253 0.145546967403056 0.111197874611947 0.122013383155942 0.104547606315456 0.0685634806289121 0 0.0917131504206607 0.118060198522673 0.0990286363421185 0.0832939861839894 0.0723321419329433 0.100957672847087 0.105250103410782 0.0883635038302313 0.0882955926420027 0.111470820482457 0.0828379644762902 0.0730630797080356 0.0844395171670009 0.103171447761103
"phygad_uchmar" 0.136549403132199 0.105861044935199 0.102840171991565 0.0777608381146784 0.100887100462632 0.145585800959685 0.071930487158655 0.135566772713593 0.132235988683165 0.118486210129796 0.106795213960821 0.0834421065980791 0.0843294995632878 0.104932636115904 0.0870605943490952 0.152514111556481 0.121483801923007 0.0935601986609814 0.0742742563687694 0.114971764423417 0.11515737160697 0.101984730154828 0.13988789893085 0.103105105783168 0.117104546230095 0.114355289900579 0.0926317723955791 0.140343697120746 0.163938805016528 0.153558672047164 0.198994482799147 0.181660303613558 0.174535528874224 0.141208181402765 0.128127247395958 0.0871175506651891 0.101703677062225 0.0917131504206607 0 0.112464652096412 0.102737152418025 0.1012871302056 0.0743851895239614 0.0767405095391175 0.114435752771645 0.0814685743078692 0.0792367934289956 0.148522523508988 0.10321484758676 0.113254742077051 0.110859514916798 0.10524963735459
"phygad_chithy" 0.137274148542656 0.072831296501957 0.10514011095692 0.0888432387559467 0.1141734750211 0.156385126715819 0.110438482286036 0.124334235540653 0.139664459345888 0.118430761375777 0.0908632641330985 0.0938034755165037 0.0988779333850279 0.109210717744706 0.103449454569778 0.189635045046089 0.146038264968909 0.10286333511353 0.093001424376167 0.142925350830706 0.0917943467661543 0.0915267253454778 0.14646001596278 0.146536414488863 0.141167678740706 0.137478864033926 0.130747540301502 0.15617938419681 0.188018852052064 0.162917233908989 0.203969007861664 0.207499989201799 0.196838015623163 0.152527346586775 0.143984312800618 0.0991819947799129 0.112657315242125 0.118060198522673 0.112464652096412 0 0.0998247582305298 0.121538907233846 0.0968462903180895 0.112223514075355 0.133956883995127 0.0979727471535821 0.121794360599078 0.144141492812888 0.103179752447855 0.121084076700993 0.0915666334790575 0.127143766060585
"phygad_endsub" 0.107579597986964 0.0584116674555508 0.118535867314826 0.0835445611525624 0.0863084831971826 0.118820141133585 0.0919289490898231 0.0768034763767271 0.0804056241774598 0.0701224696561676 0.0695839495959838 0.0617526549283611 0.0790419233623488 0.0684051315379907 0.0714230481235719 0.136573529894576 0.120667752009101 0.0695126871119081 0.0769494148784276 0.117433645793914 0.0890131987944205 0.0668189580638031 0.107034638312189 0.120222360785752 0.131484483591111 0.119806011894189 0.10302276418406 0.141148698696856 0.131367179123401 0.118152459940976 0.163534107703251 0.145434954635221 0.165859778734946 0.0985920010416078 0.109886383555999 0.0829105038144395 0.091792168571073 0.0990286363421185 0.102737152418025 0.0998247582305298 0 0.0840118457830856 0.0854376252817842 0.0969980791821565 0.10190820964559 0.0946377313957589 0.0925207511719781 0.110383292959834 0.0701624312136379 0.0979365004933135 0.106831300984389 0.0855478503347714
