"gelina_acotar_u" "gelina_crapet_u" "gelina_cubdis_u" "gelina_demcor_u" "gelina_echrel_u" "gelina_javsp._u" "gelina_litnoh_u" "gelina_manbak_u" "gelina_notinc_u" "gelina_oretsu_u" "gelina_parple_u" "gelina_plasp._u" "gelina_pledig_u" "gelina_polpal_u" "gelina_stopic_u" "gelina_anumin_u" "gelina_brabra_u" "gelina_bratem_u" "gelina_epeano_u" "gelina_forbid_u" "gelina_gracil_u" "gelina_hyphex_u" "gelina_lislae_u" "gelina_oeccus_u" "gelina_plehun_u" "gelina_rhasig_u" "gelina_rhequa_u" "gelina_stigag_u" "gelina_trazon_u" "gelina_vesmaj_u" "gelina_apopra_u" "gelina_apshir_u" "gelina_artfor_u" "gelina_atetsi_u" "gelina_bicver_u" "gelina_coeful_u" "gelina_crespi_u" "gelina_cryban_u" "gelina_dicsp._u" "gelina_melsp._u" "gelina_necsp._u" "gelina_odospi_u" "gelina_parsap_u" "gelina_picmel_u" "gelina_steaxi_u" "gelina_steins_u" "gelina_fossil_u" "gelina_iscinq_u" "gelina_aptfla_u" "gelina_agrsp._u" "gelina_arifug_u" "gelina_bartex_u" "gelina_caeshi_u" "gelina_calhok_u" "gelina_cercur_u" "gelina_chlcoe_u" "gelina_cocnob_u" "gelina_dipate_u" "gelina_dotbel_u" "gelina_gaminc_u" "gelina_hidnig_u" "gelina_idiana_u" "gelina_joprub_u" "gelina_lamsp._u" "gelina_leptub_u" "gelina_meslig_u" "gelina_picwil_u" "gelina_pycfre_u" "gelina_whytri_u" "gelina_colruf_u" "gelina_girgyr_u" "gelina_hemfas_u" "gelina_lisspa_u" "gelina_megmon_u" "gelina_oxybar_u" "gelina_plebas_u" "gelina_rhypen_u" "gelina_schgra_u" "gelina_uchmar_u" "gelina_amypul_u" "gelina_apotru_u" "gelina_chithy_u" "gelina_diapro_u" "gelina_endsub_u" "gelina_eudsp._u" "gelina_gabdes_u" "gelina_gnoten_u" "gelina_hembip_u" "gelina_isdlyc_u" "gelina_liesp._u" "gelina_odoacu_u" "gelina_parfas_u" "gelina_retsp._u" "gelina_stidec_u" "gelina_teldec_u" "ichneu_ambarm_u" "ichneu_cercor_u" "ichneu_clythy_u" "ichneu_comver_u" "ichneu_cotdir_u" "ichneu_crauni_u" "ichneu_ctesch_u" "ichneu_eccbre_u" "ichneu_eurtor_u" "ichneu_goealb_u" "ichneu_hymnig_u" "ichneu_ichext_u" "ichneu_isclut_u" "ichneu_lisnyc_u" "ichneu_oedvar_u" "ichneu_psepra_u" "ichneu_abzlat_f" "ichneu_acamal_f" "ichneu_afrsey_f" "ichneu_amborn_f" "ichneu_apabel_f" "ichneu_aptbla_f" "ichneu_astvit_f" "ichneu_calcir_f" "ichneu_carper_m" "ichneu_clycur_f" "ichneu_crapal_f" "ichneu_cycnig_f" "ichneu_cycper_f" "ichneu_denvar_f" "ichneu_ectbre_m" "ichneu_ectrub_u" "ichneu_heihil_f" "ichneu_hereud_f" "ichneu_hirali_f" "ichneu_hypqua_u" "ichneu_lamcae_f" "ichneu_levdec_u" "ichneu_linexh_f" "ichneu_lisfla_f" "ichneu_neespi_f" "ichneu_neohir_f" "ichneu_neomic_f" "ichneu_notpod_f" "ichneu_notpod_m" "ichneu_pactib_f" "ichneu_pagery_f" "ichneu_plaacu_m" "ichneu_plaruf_f" "ichneu_poecot_u" "ichneu_priinf_u" "ichneu_priser_m" "ichneu_propis_f" "ichneu_pyrfla_f" "ichneu_rhybas_f" "ichneu_spabic_f" "ichneu_trolap_f"
"gelina_acotar_u" 0 0.0926385111654411 0.0630545287203033 0.11373419486075 0.163430796632193 0.0838695223751727 0.109651961723741 0.1452524270668 0.128397030148535 0.0615391439693573 0.0725441816576994 0.091519795477572 0.0516809151303976 0.0611022633673197 0.138330164248093 0.19696734772628 0.091557827762435 0.151798200792506 0.128552991711013 0.130851239147511 0.173969581912562 0.143354716732744 0.149384743147133 0.0981340339867021 0.131690650733585 0.151565990655523 0.0856308238794141 0.143787576544007 0.150913753435175 0.151957676503127 0.148295441047709 0.0634641065030835 0.136815247109687 0.12432348354307 0.0934001976756853 0.138031701617839 0.158146876382 0.142395706876568 0.149969380593461 0.134173511569997 0.147299074071459 0.145551984410645 0.141128731217247 0.132524943195908 0.147421025225089 0.172483459113108 0.240321497645828 0.108771093220923 0.0746000169957955 0.103390228744636 0.111113452527926 0.123017350875235 0.100813972308236 0.163622483981486 0.145383231350326 0.153849074682309 0.175713760545355 0.126773111064774 0.136236660398579 0.109184350738942 0.10264511739547 0.126007328164494 0.139555443355199 0.127960751698821 0.11998450508714 0.134905301885473 0.110508148529268 0.0745649013082654 0.141716543645172 0.0698182428419601 0.0795797313590322 0.169501183443141 0.0538720901313531 0.0969278706235493 0.0774271822811839 0.086848579863271 0.0585657676582088 0.0848386348663689 0.137866227124805 0.0917019989526935 0.125004266341707 0.117461372348183 0.148979450252488 0.0830852177935913 0.143013183894563 0.149764685915006 0.112817991644769 0.148083969504304 0.132196325481763 0.139076610394239 0.140466103777469 0.166499146761712 0.17093102364425 0.119691981861965 0.15228862813735 0.128482548705164 0.149297634898314 0.108177014725082 0.131139593945606 0.105793394206024 0.118994262305572 0.117026246365467 0.122901475414817 0.155787272030834 0.163884762084241 0.10864506432685 0.107538380970584 0.148084208457118 0.135264133763203 0.171459612580618 0.107232036096669 0.157438571779741 0.140521813429805 0.112494036974925 0.123885993128482 0.127978031822904 0.148461321985622 0.132797769244318 0.151017647978007 0.106989655649856 0.111295485037229 0.100974868183492 0.0926364399546461 0.124968882656803 0.14161180342489 0.14262168825824 0.118754392729217 0.130518252996125 0.160847655099669 0.123344517341759 0.142403401715912 0.150107785555763 0.148069777384177 0.113759495958133 0.14839156042865 0.124874163236587 0.122273594715457 0.141906753696835 0.171199813151114 0.136279328209241 0.177649900026528 0.141237784437845 0.17273541582956 0.139497248227657 0.109316257694025 0.130068695646902 0.0941650405906519 0.165470891013842 0.176360971002944 0.116910911402333 0.0949686855420937 0.141194954701696
"gelina_crapet_u" 0.0926385111654411 0 0.0814267682228523 0.141819197560139 0.116377255497085 0.0654286010001027 0.0657304640860038 0.104505502197677 0.13563859653212 0.10210543501314 0.0637245595463601 0.0683529318506731 0.0726435475099186 0.078596811547512 0.0759085518106635 0.210390916118367 0.116409139291589 0.145788837188266 0.12861075828012 0.105519290359451 0.186016124158693 0.143053874832455 0.129012732117625 0.113919992021608 0.137718392448977 0.152160442957313 0.0822950199055586 0.128928717329482 0.157829126987292 0.143898555399471 0.0993242332570373 0.0884817633123628 0.0951966075993538 0.081667790324828 0.085157089837581 0.0882815194128228 0.0958321014144316 0.0987732253651211 0.11119064377307 0.0859724915658372 0.115030108783718 0.0830534861520995 0.093753154313185 0.0996032223434379 0.0920851338491764 0.134056398126106 0.219728579122514 0.0714028317580604 0.103073453044 0.0651798944532464 0.0842285245882566 0.088926888603189 0.0804413415169792 0.113914301074769 0.109586795957906 0.120380447029051 0.132831245986868 0.105588718825629 0.10718665220385 0.0781262037968704 0.086097009607867 0.0866579016903156 0.100900835108982 0.10492884976765 0.104932662580001 0.0802381715807337 0.126753634317632 0.0937183261789256 0.0906231344547909 0.0936951954973218 0.0648401424312979 0.142249796964388 0.111841553828045 0.0750074025268402 0.10791475354972 0.115201424973236 0.108160362822132 0.100813533656104 0.130007494861976 0.096759479504405 0.119189191986668 0.0974876597575026 0.177905737348975 0.114361820525604 0.153453825367845 0.136363323513775 0.112762698303874 0.177317712705736 0.156238951791964 0.105136944101826 0.102770895926776 0.139960701010983 0.15834490433973 0.133165915614299 0.14757424293677 0.126762897344331 0.113166442214018 0.106354832379161 0.121327159234565 0.126101478063425 0.112997979411788 0.0862712367933025 0.119509936926178 0.146796174119031 0.138763401441091 0.107493373371359 0.11171945078873 0.127987236773299 0.133897130985517 0.123333463219958 0.115515086689211 0.141997831226809 0.0962179445895746 0.104102956298133 0.0948783524366347 0.119809552947823 0.133180107809146 0.113661708783861 0.135510726680044 0.0987181992871899 0.0830007877426848 0.105324381751946 0.0970094469909441 0.0995565093259257 0.107497051894222 0.13858867232595 0.106704260161659 0.107969788922962 0.174908261989678 0.102637472555323 0.130845297869118 0.122605553310707 0.138740603867046 0.1154505170377 0.121410672779421 0.0884544174583862 0.0978260578888562 0.133771913966205 0.144695726469012 0.132559016909229 0.150043206602797 0.138123644311266 0.134028067592358 0.133399622470231 0.100909321528199 0.105781548684702 0.0974353134617066 0.159308274609779 0.150882311096752 0.10812939696681 0.138791406509757 0.142912371132869
"gelina_cubdis_u" 0.0630545287203033 0.0814267682228523 0 0.119615817532075 0.134029605197253 0.0874228636806013 0.0953245345230784 0.130963605509188 0.142711998289938 0.0766781002483257 0.0687575254012978 0.0812247442057553 0.0598899095003322 0.0572332922952592 0.113422009915714 0.199876665659948 0.11086104428747 0.153699200799195 0.129393844668606 0.119784299657398 0.18470299027533 0.135933750723885 0.14274567391925 0.111232150554018 0.132808270646067 0.154702474133557 0.0845320412886443 0.13630903160961 0.156141366613071 0.147941746523182 0.122025319224526 0.0753054876532766 0.112991678100654 0.0984867744926351 0.0950243831336154 0.121690440188873 0.137879817328281 0.125745645862494 0.12258247851591 0.125574689548202 0.123618404857151 0.120391846524955 0.116985637808821 0.106426744368176 0.123030756362898 0.148866132309346 0.238568449176721 0.0974511596514781 0.0997876091243022 0.0953425191570571 0.0971950165490088 0.115965933175056 0.0875183153465452 0.13792483658691 0.129996376212927 0.138937965206703 0.159251118858429 0.109042219530164 0.120185902272271 0.10101675074987 0.110898429327703 0.113699068590163 0.135283349223883 0.113206297034954 0.104298174979632 0.117898842484973 0.130529824639764 0.0820630291828689 0.131666100583251 0.0907888157210038 0.0707191006546085 0.148350316823808 0.0879958167295174 0.0969031609518423 0.101403239637829 0.106138076199089 0.0741392315362823 0.0848438519075389 0.139312183005045 0.0881492483181787 0.125668999948021 0.113250040889209 0.150831763968516 0.10185142744049 0.154355747531095 0.146677882255546 0.10995517397614 0.159979521102547 0.13896760835987 0.136549634720656 0.128242865223697 0.160806786695837 0.16717692254302 0.127179825678244 0.150387059104455 0.134167108919831 0.131868043406517 0.113097263455798 0.129351199454254 0.124042837199258 0.120430228196688 0.112872850523907 0.135408674313528 0.148416482608879 0.150840628860715 0.105453989919561 0.115870132557628 0.135349424166546 0.1349287222855 0.151804672081524 0.100771476054919 0.151594134761259 0.121693757719751 0.0945787274976685 0.110470866900334 0.123304540839954 0.13990609182036 0.122563645167849 0.148729304741806 0.100317348905708 0.096879981644276 0.0965608932474517 0.0931985182066529 0.115207439860431 0.126170267912713 0.139829554723228 0.119426164054532 0.101488796966759 0.169406113371718 0.112515266164786 0.137509476231341 0.142283723371972 0.161482363175796 0.109445249485174 0.141062597604203 0.118893327540089 0.121710951448261 0.13499435434799 0.154123375580779 0.134272444979874 0.168305315593691 0.143096137543741 0.147054014911504 0.135940547058221 0.0969367186838599 0.120834830926772 0.0971627303946957 0.162690529984255 0.158016283741667 0.105447773117987 0.106490455113033 0.132012366268453
"gelina_demcor_u" 0.11373419486075 0.141819197560139 0.119615817532075 0 0.222031860292495 0.152788937595293 0.170474076766776 0.206183372319889 0.118846247538298 0.107324284872109 0.122696072916453 0.118813457132756 0.118847535381622 0.122254417300762 0.176114319256853 0.160203974061731 0.101601660164225 0.140492946662518 0.121392877915311 0.176685383648503 0.133714462523866 0.114778332835756 0.196185959185063 0.141406997253975 0.130604962911572 0.12505312613492 0.104373841957521 0.129484395710408 0.153174341005026 0.162464244856871 0.207408983905965 0.142281098322646 0.189561154887061 0.178704042520333 0.162099762359063 0.191349136599056 0.208991465004033 0.19662135863474 0.194428550985846 0.18978254960325 0.203903493840761 0.202964496578057 0.200026377389389 0.173508632639984 0.195397264826797 0.236037380934676 0.210648918714741 0.152961368574988 0.109428444079099 0.143401374249066 0.180537300825076 0.172365253255835 0.166899155399711 0.199537804011089 0.184669082003352 0.200217682255992 0.20693736333118 0.124068437253005 0.21064093430816 0.149746015155189 0.142727424728421 0.156029398932535 0.162723960408197 0.166235795465521 0.163762495194466 0.185601150649738 0.133118126932895 0.118806665387592 0.181006670559956 0.105560007299588 0.137226288482895 0.153453739964216 0.105242007946348 0.157762187089373 0.111934555902893 0.094641245844805 0.0893837910727559 0.115946277515798 0.159507745472161 0.132696965568709 0.123539789785831 0.144448845518152 0.10683893955382 0.0922085224194759 0.119975611660192 0.168562172673677 0.130532260113479 0.0902039255660005 0.13328174061187 0.193058631391487 0.190250270754931 0.189776556562832 0.167616706863448 0.114983554763449 0.181778851869511 0.188094024519155 0.210343357426191 0.119687311017629 0.182318396902523 0.167271841090001 0.171239814930288 0.179210649354807 0.182079710513368 0.196399865981804 0.206083330377072 0.158354957520997 0.164190982883818 0.209633458153895 0.136386386648808 0.213779218561318 0.185193221923644 0.203522696751895 0.168255037640667 0.176957378566979 0.167690458841343 0.121916422588329 0.204305842339032 0.179225118436751 0.214007318389747 0.144769656692968 0.169627790369948 0.129828887275594 0.132921003611435 0.158081277365295 0.168444422023712 0.171672044656723 0.150230778629257 0.160756790497544 0.183175303107845 0.153392536906429 0.174142079802365 0.189962301690485 0.173706130437967 0.11769857560648 0.185534267513621 0.155591287662104 0.162572426765352 0.169026119203351 0.166355121390437 0.139570096635952 0.209285639075212 0.16178324252008 0.178116255647711 0.141844381967197 0.146725738134787 0.160206231755651 0.1395840726664 0.224541283118412 0.216436126078216 0.156572328959859 0.14387402613705 0.209318170616558
"gelina_echrel_u" 0.163430796632193 0.116377255497085 0.134029605197253 0.222031860292495 0 0.146175635112527 0.108663627307062 0.115858679312993 0.236495962973554 0.169324688356388 0.132527310056868 0.135627349168515 0.149776117725208 0.132175210534311 0.110324243640418 0.26514932031978 0.20089455265624 0.198063428979837 0.200615465056154 0.122096006065358 0.255264538792733 0.20612622304664 0.149764936384255 0.186681276368537 0.211415116807545 0.222065188172701 0.170477842035383 0.191418363302408 0.212293189070334 0.184252335588514 0.0755260262910327 0.154828526203471 0.0978255927177906 0.133495131133571 0.114095370175729 0.0937052360536046 0.0926147141737778 0.0871616717334843 0.0856815144310774 0.11600162209263 0.083626772760346 0.0803245221638991 0.0887400397910455 0.0961362256198178 0.0991147602359953 0.0987441356463954 0.259549253323323 0.122624871665308 0.189847706664241 0.142562787303761 0.122589749855745 0.123092247926743 0.108423460091961 0.106059614722781 0.112954902943693 0.0993430603590509 0.119854720099991 0.16167898783956 0.0562114122777872 0.146002254944082 0.167335920409419 0.158831800608131 0.15074555720464 0.122170050675504 0.116951170325409 0.0978206620517262 0.208652318230774 0.166633822618911 0.124076028050649 0.18073967612497 0.12832834381868 0.172464377227986 0.185056285510275 0.111138304392007 0.18758233867824 0.200149276460201 0.179724932253262 0.174944161155067 0.178289940819475 0.14564233289984 0.188428095675153 0.158588366692712 0.245260643820882 0.189734410100462 0.230416105654502 0.171902777326772 0.163837866457185 0.259324167445096 0.213094888560389 0.121951653474109 0.116067775645869 0.178369372724123 0.20626235188733 0.205299290750273 0.178046566294027 0.173586430480696 0.0837251789964099 0.178689167993363 0.141692968759501 0.1591505583509 0.153414488293694 0.112704249514426 0.168623142661477 0.172298807419854 0.104871714668057 0.137990032507188 0.152288361950609 0.130936176876516 0.198787786314556 0.116829497100118 0.147426244776836 0.159671033638945 0.127350717259985 0.132946687974485 0.129419854236876 0.189261705948686 0.141366800514658 0.138039825696659 0.139645957940216 0.161881364000278 0.096644964273905 0.153182908966918 0.159542007902019 0.143656236102256 0.136216633555605 0.185175810982296 0.165090293707117 0.125800483324442 0.215643458077339 0.135448752573513 0.167412487434965 0.144955311119838 0.196124917593039 0.173896125601333 0.14902918203568 0.138984244056563 0.139455067227946 0.172166643657323 0.176907797250212 0.181504558602608 0.159328170600773 0.178037429138937 0.151274787267466 0.17713879071806 0.134407463902086 0.145082503679723 0.157320836324916 0.163738519128494 0.135209681713394 0.133946754071474 0.190615190174816 0.144471078223108
"gelina_javsp._u" 0.0838695223751727 0.0654286010001027 0.0874228636806013 0.152788937595293 0.146175635112527 0 0.0846666238829244 0.128510473506555 0.132772228987874 0.101442025229091 0.0808183350476594 0.0875932222490446 0.0673301161672844 0.0826092065850583 0.105785382428578 0.221118268303274 0.118385053331031 0.158837109771855 0.132605104464126 0.117407820772951 0.197651280238754 0.160327818896884 0.129809791436029 0.100495010983755 0.139109650042484 0.163024272228435 0.0941677822810975 0.15117682914113 0.165233670627695 0.154182381997929 0.123012494569155 0.0752189675003763 0.120255342543063 0.0830035685421198 0.0995696937846244 0.11165649669964 0.120680356183504 0.123176588879173 0.137088048306125 0.108189361528064 0.13378512720704 0.109267838849515 0.116743260221515 0.124752590969742 0.117404577006706 0.146436847229762 0.241140449276641 0.0890093591493229 0.0994065166271453 0.0790549851052797 0.085888808749247 0.108749760839115 0.093229826186349 0.146124979229739 0.141860140625914 0.147461724647075 0.158571368271365 0.127569609462773 0.121866042732536 0.0801534908684605 0.0961738987347554 0.104533064727607 0.12307359527763 0.122030967769142 0.122642156088963 0.107527118237193 0.115060622608786 0.0897790564763896 0.114209461739833 0.0850565646274169 0.0752046167415731 0.172335185024665 0.104513469074421 0.0882377048250421 0.107603875104849 0.118723471634691 0.110321609805667 0.105288063189018 0.134511686228296 0.105004546092562 0.127518434703615 0.108682298012815 0.180957484780177 0.121217547657022 0.156167322574872 0.14367675112635 0.126838154461912 0.179479782435923 0.157157217451793 0.11760304479367 0.120969395983107 0.156481400777518 0.169885770404618 0.134932132738691 0.156007382316794 0.118722435332533 0.135749882497154 0.124987600298494 0.133242072672526 0.127759329287933 0.119520752926363 0.103325286521239 0.115503118199275 0.156104677428503 0.169193550457406 0.11368169542818 0.122033437939228 0.135251562617119 0.150059088180206 0.149323586320976 0.108104503364807 0.152091091902939 0.120218017512381 0.10109348865263 0.11714298120317 0.140116912015387 0.148056901914076 0.12253126886011 0.1437244168964 0.109553902729631 0.104081693192143 0.12186169520014 0.1011673152378 0.114551292685578 0.134854361281445 0.144232146147482 0.113093864260666 0.13570266644728 0.183945772050238 0.127792486552135 0.141336005878221 0.141500975143786 0.14850830858805 0.135145992817005 0.134058240815828 0.1054386408492 0.111631074674248 0.147035440068762 0.172594082446802 0.152515220320529 0.170316470606186 0.155432542001447 0.170574807243808 0.153927014477992 0.118267332360587 0.123365321723195 0.101145462094004 0.162985629791566 0.172150566694375 0.124404830637347 0.139623984196646 0.142057486654146
"gelina_litnoh_u" 0.109651961723741 0.0657304640860038 0.0953245345230784 0.170474076766776 0.108663627307062 0.0846666238829244 0 0.0790389422614884 0.159331546378522 0.120225208062536 0.0864623126481446 0.079053498387315 0.092987490718242 0.0867858841597606 0.088324886846846 0.233109991286121 0.129905294506167 0.174349587451863 0.152295597367657 0.110824810212607 0.202710177148797 0.147552242150516 0.12901628659673 0.136422654357047 0.15533018869183 0.180146443060258 0.109982374667846 0.149228970336476 0.174122181288389 0.158085225246347 0.0779247752302479 0.115983268863349 0.0977866806022803 0.100832636744946 0.0901572826875639 0.0984606162093911 0.0960933795416178 0.0925380213511114 0.108402865360921 0.0808507543147868 0.110198842743204 0.0843534324649051 0.0803695476568943 0.101068236417786 0.0982511413608927 0.121098514669628 0.227247230180117 0.0878571936997382 0.11215956137816 0.0797481045079215 0.0884734984458668 0.0904452779561482 0.0646677750281289 0.101441961683085 0.107932099458347 0.106816219264287 0.127712956452909 0.128910196036231 0.0997142590607783 0.103799620328357 0.104191927604396 0.0950583937591791 0.111566310569484 0.108132745454661 0.0979243486330511 0.0816435955038401 0.151833991151575 0.109006577600509 0.0895901783315218 0.116241154869579 0.0724697043962315 0.144357957845352 0.122404567328006 0.0684685720012917 0.120076497663496 0.148517658394794 0.126490254774921 0.112122764681369 0.146011359095958 0.11617552305288 0.142916296249188 0.119561326144968 0.199517278560868 0.138439856153558 0.177817757190364 0.160098427331947 0.131577094161039 0.206783814901105 0.17908910552017 0.108789306428121 0.109512673801041 0.148226062477794 0.172597744338187 0.157745014563801 0.162088743339183 0.122165214030295 0.103056833691362 0.117436550785945 0.113254785489295 0.134616213380657 0.117335983338199 0.0904459693315117 0.115882195366736 0.141386945455709 0.128212308184995 0.114897835441083 0.107756129447846 0.118795911509428 0.146148836827892 0.116955684150216 0.115356103820971 0.137288908397986 0.0965538381265245 0.114224203358362 0.0904331042368316 0.130870468578383 0.127790766542879 0.1158476576781 0.119468532971184 0.105615036188183 0.0819506938642124 0.112246031871997 0.100315856616039 0.10431273790413 0.104884700398847 0.128614456321992 0.116288167509303 0.118855782098749 0.16506402710865 0.113332325675646 0.121497175802961 0.116715228277084 0.136410353282495 0.128096271368681 0.120908156605307 0.113623362565422 0.0982927788607737 0.123712870508848 0.148929869865958 0.130303013509875 0.138655951332162 0.134099378440582 0.138274258007204 0.13782815856154 0.097171345328166 0.0949375132057902 0.0962467895664811 0.135369831072574 0.135529222036135 0.114045678984019 0.139514844390596 0.126363432995018
"gelina_manbak_u" 0.1452524270668 0.104505502197677 0.130963605509188 0.206183372319889 0.115858679312993 0.128510473506555 0.0790389422614884 0 0.195375315025769 0.159758448726697 0.114846484168714 0.110474729058584 0.14032552046156 0.123149282140014 0.0872772653503637 0.263512204511455 0.179928060284835 0.206082340784679 0.19757253932607 0.145286077137628 0.249524693487377 0.175009870460716 0.173279064308523 0.184173827703129 0.195812413423993 0.231749077885032 0.155815559050673 0.187281069264024 0.217905164752793 0.197905502309144 0.0777992137149937 0.150384593047533 0.09887456720821 0.12964229142132 0.112735693368113 0.107472928801818 0.0931833653963675 0.0887475006773536 0.099025138913837 0.105856453622094 0.100771183994102 0.0952116528725391 0.0751397293034499 0.0966757681366158 0.105156940286834 0.128372605555551 0.265942203543535 0.116132081729377 0.163039968953793 0.116403250893276 0.118457623562147 0.0893490907847241 0.0917696289868305 0.0993771244791866 0.0992674040091303 0.0985706725162659 0.12331286689299 0.140632149952743 0.118462314934094 0.132857870329107 0.139481694869329 0.109888461726316 0.126709461654057 0.0938237409182347 0.107317156184921 0.0911606015057525 0.177687115310115 0.142298018871223 0.0923262141014578 0.158005304769374 0.108721199717361 0.158687890590338 0.163690787906576 0.113164554944125 0.161870099762056 0.178341502437009 0.156573426747998 0.132536550399114 0.197460743648062 0.160960158127705 0.187850653365646 0.156998872920326 0.229714290394711 0.18158486078795 0.219085028120414 0.192837830073544 0.168109363621026 0.247253623525476 0.213496396925822 0.14673116426463 0.147039416987502 0.186930616059219 0.204339490923091 0.200243767379787 0.204081464490138 0.176367994744291 0.137339958503206 0.161523604757053 0.159481820126305 0.167408110460961 0.177794621916883 0.137417384937214 0.167931851942843 0.187923112315331 0.152046073945308 0.169245725103203 0.152287950438975 0.160475432638766 0.189903968120425 0.134038049067094 0.160710527497775 0.180549009320763 0.143726448274273 0.154260535358275 0.133130743109297 0.180345873046995 0.171198115526785 0.164549441445903 0.152470535155124 0.156503506914315 0.133094161190227 0.155859762956453 0.159846906060174 0.162264855206086 0.151051626145914 0.191104160820392 0.170159396652528 0.134460652708447 0.201463003344803 0.157816101386893 0.175800234570557 0.158379171444779 0.198073054832218 0.175582956910275 0.172916427503757 0.151413953807795 0.154146571462415 0.181346572186515 0.197529744488603 0.185101981770193 0.167630313568679 0.176853207001038 0.172553621378334 0.178727961421515 0.141422918357528 0.147754100023439 0.15282770609533 0.178638936114343 0.165399054585989 0.157301522079871 0.187753014861957 0.168132119959983
"gelina_notinc_u" 0.128397030148535 0.13563859653212 0.142711998289938 0.118846247538298 0.236495962973554 0.132772228987874 0.159331546378522 0.195375315025769 0 0.142776641152817 0.142066349614581 0.134088967900888 0.123652892552451 0.139574566060053 0.169903510103901 0.228931276292223 0.10979145632623 0.191885020374368 0.151919420445777 0.197908390445523 0.180206184285646 0.150947661510573 0.212374618870879 0.152012300962323 0.155625179344511 0.169956292274087 0.0943363057131712 0.171257790772203 0.189624014945482 0.204596900185483 0.212044615834083 0.144109977620083 0.191685959783904 0.169091729583097 0.168942210437964 0.199418424461549 0.20347125743503 0.19944489414355 0.215486567134245 0.177186562941321 0.218726586200573 0.20117488752701 0.199097334480897 0.198459465907278 0.194872180048451 0.235766879277978 0.249072579813948 0.165681267767385 0.105485294596915 0.131357994852462 0.168874882993141 0.172423784767659 0.169158272185866 0.206988782055034 0.207723327222962 0.212092182530456 0.216417538434 0.158891451757787 0.220834158711254 0.141337794366993 0.137946582485058 0.133042727904447 0.15339159839083 0.1862657712465 0.190361279045942 0.183000349413928 0.115581867269185 0.121418174734488 0.176024565383487 0.108080227194056 0.143835626549139 0.181793207581336 0.118441531762146 0.156504087087697 0.127012451447225 0.118308057239014 0.115363732867711 0.120191006157599 0.184015615680736 0.165509270714033 0.155469371191246 0.146274419680712 0.164615423141198 0.135724458274207 0.15759137514672 0.204048824096421 0.171139136630305 0.149454252068685 0.181952680415568 0.195222277366518 0.200056263567863 0.202311702818426 0.201253956233684 0.155395097549608 0.210615387373869 0.166822859128281 0.219354845382566 0.111266318168955 0.194804498023937 0.175213597103469 0.177469000557516 0.181874059461741 0.164266243526307 0.196856340173719 0.227146846028192 0.181544217374319 0.16237913773266 0.211967805910148 0.144656075098619 0.219737921151108 0.179171732476163 0.206625581402929 0.185895002772515 0.188977354456146 0.172186978483551 0.13729979950425 0.21083279368812 0.194389120074215 0.207367836797826 0.144397455044428 0.183116931983339 0.160708819234061 0.143559058856885 0.167379442482965 0.18382932945486 0.176490193055409 0.157607064100809 0.193033485498391 0.193696334672515 0.18181740131559 0.186008895338103 0.196699519351899 0.172262424226093 0.151543973521412 0.196300133349459 0.169646730296157 0.170199460517906 0.180609608207438 0.198057691389168 0.166470111825815 0.219655535311703 0.182680764225266 0.209062513330368 0.17379659580587 0.160822280005309 0.167901147052899 0.142816337056101 0.222155935817413 0.234216980088871 0.16589726569244 0.154223563820753 0.211034243422863
"gelina_oretsu_u" 0.0615391439693573 0.10210543501314 0.0766781002483257 0.107324284872109 0.169324688356388 0.101442025229091 0.120225208062536 0.159758448726697 0.142776641152817 0 0.0662893447487668 0.0890176565882721 0.0648579758024808 0.0889229774205872 0.146054924698323 0.151405720032604 0.0916813961252701 0.120040075793035 0.0985774203693149 0.117422539731767 0.146327611996738 0.126281498124978 0.119909754124096 0.0780056415111196 0.0947965746569067 0.117215970726543 0.100569713641014 0.102169130464586 0.119191891694391 0.110092762555736 0.156537438255412 0.0885102263985247 0.153171436365998 0.123929259597361 0.120727021921645 0.143875360654341 0.173181945498829 0.163601677915609 0.151845475541182 0.162594853461866 0.161355592068898 0.154581994159815 0.149101566656949 0.136636188917376 0.158285096145425 0.190284818443878 0.202684690906218 0.105685392539075 0.0865145681262339 0.108107343193277 0.137653117284785 0.146598427321493 0.111902199692263 0.165697849761445 0.150155191852034 0.168837412513503 0.185861874731635 0.116366937793625 0.152673355295656 0.123855979240568 0.105043110007073 0.135839540507379 0.155922734696384 0.142774327510782 0.122024426810288 0.154558253754788 0.129994392444326 0.0938516787482025 0.153243044675848 0.0893594723777029 0.0925395352163793 0.175386638681772 0.0913404483633019 0.115338152468934 0.0723904813101917 0.0852924306779199 0.0718431752250082 0.103463499071794 0.106923100932637 0.0750498003528305 0.0866784556876856 0.124989439830085 0.115426506289743 0.0593262082084394 0.109990383485296 0.117276414593081 0.0822114643404958 0.115447056396699 0.0958150863238789 0.136971664033568 0.131757136881838 0.13618881688145 0.134899791266032 0.0859166329345759 0.12014753980355 0.147721714953825 0.15283606635285 0.105799823047706 0.134500778961364 0.129087791010778 0.123031671157895 0.133448554368463 0.139935286176921 0.163430240362197 0.16971156373681 0.110905191016994 0.124964846792504 0.158239904061897 0.135010868087882 0.175871918552181 0.128457148887385 0.169067324841393 0.122008599398951 0.127229014567546 0.127635930070819 0.10460739516198 0.154104323479895 0.12940124283287 0.171109234496756 0.110643212548166 0.118745726850698 0.0933939440513417 0.0857360590863914 0.119371966924472 0.12208583503184 0.135927747679583 0.0959070921155115 0.121281550148589 0.157477851747488 0.110693120581815 0.122731123454131 0.153703471655545 0.139218705781388 0.0901672710099114 0.14828545103065 0.119613517201908 0.119546497128177 0.117705019437797 0.140413407208161 0.117371049094423 0.168826476288353 0.125897656226643 0.149436220949856 0.120448063641131 0.111182559629225 0.121916637769836 0.101922291210631 0.173969464699841 0.175670217299585 0.112975480129523 0.116354418886601 0.159383397517096
"gelina_parple_u" 0.0725441816576994 0.0637245595463601 0.0687575254012978 0.122696072916453 0.132527310056868 0.0808183350476594 0.0864623126481446 0.114846484168714 0.142066349614581 0.0662893447487668 0 0.0538186463845291 0.0668589501028275 0.0704983257443731 0.0933813191770147 0.177093282052558 0.109478632857884 0.1230300985565 0.11027316166694 0.106622320433593 0.177039819976206 0.12764938979183 0.117508716668545 0.0973881426262998 0.113469831198432 0.145082035823493 0.090922937522604 0.109348072394938 0.144117516500189 0.124976268700226 0.113213019841148 0.0810852770871485 0.107015344827465 0.0994022137046387 0.0909175675723309 0.0999928264717663 0.125865423391827 0.120363152530948 0.106461634431584 0.125280793977495 0.117054856105092 0.107243113209794 0.105837199973119 0.0915156469544431 0.11664180795709 0.156239316018117 0.212565222793702 0.0689062624384706 0.0991099298150463 0.0811520401504507 0.108696486506996 0.0996305049363792 0.0794817648531562 0.119693680076072 0.114149607270646 0.130960121679778 0.139044984761471 0.0781860274471789 0.122632767811834 0.0961141301289638 0.0922672649244735 0.0931282914127739 0.116336724857105 0.099539888287517 0.0880728821180962 0.109607451627023 0.120496695291207 0.0759880039915382 0.105261954440447 0.0886502567020856 0.0688781423671152 0.142520242503619 0.102379182850315 0.0914516300716885 0.0895535211021152 0.0986830493586869 0.0779105272457735 0.0808957465830342 0.12076488058952 0.0867010068863211 0.104565649349277 0.112864360142107 0.137912840573689 0.0934055481972023 0.129666354851222 0.121716327942809 0.0860959535167281 0.149113893770578 0.127307491280867 0.119564981394399 0.1165402283767 0.139663774643115 0.131995435206018 0.110926968240567 0.133382690298318 0.147627818626505 0.126606999184808 0.0979026326690523 0.127132316908414 0.117889249244832 0.131199500198439 0.11414898430907 0.136270082273104 0.162585352015217 0.1492528090739 0.116428466321415 0.114205820946098 0.148737482961771 0.135893404612541 0.143755513021057 0.127270129470691 0.157832934441502 0.103182942617389 0.112281946811865 0.100631313472222 0.116414462865257 0.145824277286931 0.127727981011109 0.149110494045497 0.105415574691751 0.100351991003197 0.0886972504517934 0.0916479198399741 0.11633130126605 0.109389976755894 0.150559364447681 0.103963910982055 0.0894371470594756 0.163478618319329 0.10391676240886 0.132367128303263 0.134149802381649 0.149949280592305 0.102133761122619 0.139878616711234 0.0965975626762367 0.108875128213316 0.129963418867073 0.144451380324224 0.125594052779976 0.15041592061094 0.12904552222712 0.137386788434893 0.124956896161993 0.0944764253301578 0.110722961142204 0.101556783675515 0.170679538727595 0.158661158847637 0.0977626602358282 0.134041869290341 0.1532764466713
"gelina_plasp._u" 0.091519795477572 0.0683529318506731 0.0812247442057553 0.118813457132756 0.135627349168515 0.0875932222490446 0.079053498387315 0.110474729058584 0.134088967900888 0.0890176565882721 0.0538186463845291 0 0.0813140815179792 0.068012627162322 0.0942520339163228 0.184555966994608 0.102792801534705 0.126942517455404 0.110873904760361 0.105642550623721 0.167416015378505 0.101489191236651 0.125050186451488 0.117598261235042 0.119308673130856 0.141558777837785 0.0851509147458617 0.117072481498993 0.137917906088325 0.127098788922583 0.107870667857779 0.100742772111798 0.10879057046797 0.10598775562724 0.108303657049423 0.111217085190282 0.121760545786907 0.115206832490617 0.116719992332667 0.114073791817678 0.125729633479263 0.108347060139388 0.102522072586819 0.0971621155354767 0.118643502678862 0.151141023297641 0.197973143738395 0.0744098638547019 0.0958235428789209 0.074687836863119 0.114901535162729 0.09723084756706 0.077041323703821 0.105499837544843 0.104812515896352 0.122196636095881 0.12878329970276 0.0839624583514616 0.129121260409916 0.0933957818812003 0.100723353771269 0.0919178752259572 0.103150364204561 0.0942531698662311 0.0914243993367668 0.109771279444 0.124932259921947 0.0916607722356301 0.0894393348041642 0.0974446997487967 0.0713485690174489 0.119896335497942 0.103655669954254 0.0819536213906692 0.0995228039966151 0.116312171391078 0.095751181579451 0.0877286336987629 0.129381505188279 0.0908753294740633 0.107667577227489 0.109583060283403 0.149158582084221 0.0988648667101091 0.130623414312984 0.128292613541642 0.101782633618393 0.155066345521888 0.135564181024596 0.116270412553344 0.117188039704588 0.136498498770074 0.136916911096416 0.115206729383995 0.141196850348478 0.134247300805193 0.124650074414398 0.0961127521618483 0.113265345042404 0.122465591712769 0.125191589491397 0.111726693318028 0.121551365409537 0.143461402182032 0.136458170860169 0.113738056328194 0.107780354523465 0.135602792880119 0.119084508911796 0.125468137891646 0.131733247365123 0.147349187099514 0.0927851618959073 0.126436310109393 0.0934703325871985 0.107837246788692 0.138673488893344 0.11919266470067 0.135383904023693 0.0974866643985311 0.0990119816331337 0.0884645197297019 0.0896590637845528 0.105234939538493 0.104245573115688 0.13312289237856 0.103132532319645 0.104646275156499 0.146008939981286 0.0965550680677841 0.118148277537553 0.118250683387671 0.139376957211242 0.102531376665668 0.124031536637441 0.0924180508899405 0.0963788308852485 0.12702104086024 0.135436748928915 0.117171161462188 0.13248396182595 0.117558005299799 0.128466058245305 0.103850339889614 0.0869808694798115 0.0901208304470845 0.0903386049374626 0.154399317955967 0.142136222050305 0.105830120720988 0.139660784618702 0.145584536440086
"gelina_pledig_u" 0.0516809151303976 0.0726435475099186 0.0598899095003322 0.118847535381622 0.149776117725208 0.0673301161672844 0.092987490718242 0.14032552046156 0.123652892552451 0.0648579758024808 0.0668589501028275 0.0813140815179792 0 0.0599433717317007 0.124202754562331 0.193185883273977 0.0877283701156012 0.140295482497217 0.111101739515125 0.106757630984628 0.166830584899659 0.135966578339368 0.125575563797955 0.0770064493387584 0.11456823467536 0.1355088627977 0.0774574574642324 0.123611605688692 0.137551371588427 0.136798506052628 0.131503973145219 0.0616515121949811 0.121788147895597 0.0986414312761045 0.0898645354540051 0.116799060499589 0.137166759286145 0.13264450941682 0.135382681348518 0.120154340255838 0.139505979768189 0.120605762884804 0.121503294839173 0.119999988010871 0.126416261797588 0.151321064980808 0.218250463414344 0.0823112212049365 0.067192163823764 0.0721436487742873 0.0881029388260352 0.118115053723237 0.0860382802534993 0.145904239936046 0.132737241836164 0.144788267186654 0.160444000929774 0.116150586512838 0.129465214888666 0.0837125839035496 0.0722993386064103 0.102638083404839 0.123483280731662 0.124315468871494 0.112677397765625 0.119829233458646 0.102302899887414 0.0599806155712323 0.121563778595863 0.0550313239712634 0.0548263384717647 0.16222118755629 0.0739620589686492 0.0900252809880166 0.064432036275633 0.082645462752558 0.0660037679118773 0.0790464151278834 0.120772996825012 0.0725560314852869 0.108678818546446 0.0979439888519699 0.147593515989256 0.0811835740173215 0.13542175595209 0.13618840021928 0.0985222671199174 0.147688972287139 0.125399801450009 0.113091153271414 0.108524853769697 0.141522385629313 0.156073466133761 0.110539821381507 0.138834672062172 0.12223435873209 0.131459422612848 0.0946307983512581 0.120973109432792 0.121783584975619 0.106379143350128 0.111956638200606 0.118017404551232 0.151631957727769 0.158926958646187 0.105473881943759 0.105123730104935 0.130737254508012 0.132588281669893 0.158198449233173 0.101527196442051 0.157113257149377 0.117185984607779 0.110987646932481 0.114520015987303 0.104824567949453 0.135639774779359 0.113239277577703 0.148142996414336 0.102354145416286 0.100389694098117 0.101622448989522 0.0763309649492847 0.104213483192461 0.120274671538343 0.130954616157563 0.0853773982279542 0.124660917592788 0.160051115629112 0.107191395354041 0.120853598398645 0.140898919198895 0.128680758319471 0.0987746678389635 0.139170940607216 0.0939550265534255 0.106856943669679 0.118725847651871 0.145227277135587 0.122678621241024 0.165317360338394 0.12587321784564 0.145250366772398 0.12536495447133 0.0981625188592082 0.110212646762783 0.082313245249288 0.157032440832412 0.167642907464399 0.111758654052274 0.103538316061726 0.139484224635095
