"crypti_acotar" "crypti_crapet" "crypti_cubdis" "crypti_demcor" "crypti_echrel" "crypti_javsp." "crypti_litnoh" "crypti_manbak" "crypti_notinc" "crypti_oretsu" "crypti_parple" "crypti_plasp." "crypti_pledig" "crypti_polpal" "crypti_stopic" "phygad_anumin" "phygad_brabra" "phygad_bratem" "phygad_epeano" "phygad_forbid" "phygad_gracil" "phygad_hyphex" "phygad_lislae" "phygad_oeccus" "phygad_plehun" "phygad_rhasig" "crypti_rhequa" "phygad_stigag" "phygad_trazon" "phygad_vesmaj" "crypti_apopra" "crypti_apshir" "crypti_artfor" "ateleu_atetsi" "crypti_bicver" "crypti_coeful" "crypti_crespi" "crypti_cryban" "crypti_dicsp." "crypti_melsp." "crypti_necsp." "crypti_odospi" "crypti_parsap" "crypti_picmel" "crypti_steaxi" "crypti_steins" "crypti_iscinq" "crypti_aptfla" "crypti_agrsp." "crypti_arifug" "crypti_bartex" "crypti_caeshi" "crypti_calhok" "crypti_cercur" "crypti_chlcoe" "crypti_cocnob" "crypti_dipate" "crypti_dotbel" "crypti_gaminc" "crypti_hidnig" "crypti_idiana" "crypti_joprub" "crypti_lamsp." "crypti_leptub" "crypti_meslig" "crypti_picwil" "crypti_pycfre" "crypti_whytri" "crypti_colruf" "crypti_girgyr" "crypti_hemfas" "crypti_lisspa" "crypti_megmon" "crypti_oxybar" "crypti_plebas" "crypti_rhypen" "crypti_schgra" "phygad_uchmar" "phygad_amypul" "phygad_apotru" "phygad_chithy" "phygad_diapro" "phygad_endsub" "phygad_eudsp." "phygad_gabdes" "phygad_gnoten" "phygad_hembip" "phygad_isdlyc" "phygad_liesp." "phygad_odoacu" "phygad_parfas" "phygad_retsp." "phygad_stidec" "phygad_teldec" "phygad_acrnig" "crypti_acrsty" "phygad_agaswe" "phygad_atrbic" "phygad_dialav" "phygad_diccra" "phygad_ethsyr" "phygad_lysman" "phygad_meslae" "crypti_mestra" "crypti_nemfor" "crypti_sphves" "crypti_thrleu" "phygad_xenbit" "fossil_fossil" "ichneu_ambarm" "ichneu_cercor" "ichneu_clythy" "ichneu_comver" "ichneu_cotdir" "ichneu_crauni" "ichneu_ctesch" "ichneu_eccbre" "ichneu_eurtor" "ichneu_goealb" "ichneu_hymnig" "ichneu_ichext" "ichneu_isclut" "ichneu_lisnyc" "ichneu_oedvar" "ichneu_psepra" "phygad_aclfla" "phygad_ampsp1" "phygad_batcla" "phygad_certae" "phygad_chapro" "phygad_cresp4" "phygad_enclae" "phygad_glypro" "phygad_locpim" "phygad_masaci" "phygad_medaff" "phygad_megluc" "phygad_obiste" "phygad_ortsp3" "phygad_physub" "phygad_plamon" "phygad_pollam" "phygad_stibro" "phygad_sulsp2" "phygad_themic" "phygad_tripim" "phygad_trofal" "phygad_xipsp1" "phygad_isaini" "phygad_mastru" "phygad_micten" "phygad_neoden" "phygad_thanee" "phygad_zoolar"
"crypti_acotar" 0 0.0918703178460903 0.0629013435073649 0.108852999961392 0.161727353328493 0.0760921634438023 0.108589075950425 0.142302997633071 0.123928690221207 0.0580390185059618 0.0718946194436232 0.08891928292904 0.0498642967830537 0.0611378379624125 0.137947288802105 0.184501927301673 0.0877067495611217 0.143759783998466 0.119237607954572 0.128947509948016 0.160138148400978 0.137200055428561 0.142864929504735 0.0942563922884869 0.122843282423642 0.13606931946249 0.0789530815168507 0.139310318686691 0.13758489869971 0.140382610945217 0.146876240964776 0.0608175904676735 0.130594411794086 0.1211859629524 0.0836322673632529 0.13475878539434 0.152666293232575 0.134991731714851 0.147196757136637 0.128852241631739 0.138096360616997 0.144174884552535 0.140430579168349 0.130014019736059 0.140639090281139 0.166574985758987 0.108609769996304 0.0717705526670683 0.0998190660523065 0.106936504930016 0.118039437200226 0.0995386734404254 0.16240849701015 0.143815096830821 0.145062627809776 0.16944977992758 0.125724199927932 0.13360530311453 0.104357793521549 0.101734801046879 0.124404481331701 0.137097217852332 0.123944647265396 0.117855251881379 0.130245099147338 0.0998729083305605 0.0740984522881301 0.14098430028071 0.0637854504287171 0.0776485321757613 0.164171566591163 0.0532137832752605 0.0960989031339478 0.0758216684382272 0.0850473466934282 0.0581537787211178 0.0840016821207927 0.131642719150091 0.089301576151651 0.107242599313383 0.108630969162601 0.144010249467425 0.0803963621212263 0.12733545452179 0.13181778409529 0.111007926798244 0.134496128995752 0.120907643654519 0.135465101099907 0.139868464236192 0.159214572580493 0.165760111768588 0.109948866058701 0.143921760934147 0.133454941567268 0.138846337397184 0.118721537285563 0.113952324285917 0.134568111564333 0.137941627742609 0.110481953432724 0.146589451742748 0.125386136972655 0.122552130200326 0.146734993333747 0.117888699622635 0.12403921196754 0.121452774514108 0.190160863797474 0.105499878754556 0.14029799129414 0.103615295016105 0.129177620123848 0.105034155134128 0.0833342039383985 0.107338925945765 0.11727815174424 0.138252910137001 0.15779257488201 0.108984350066197 0.103197109090847 0.128755346587476 0.126568321066245 0.168801641697802 0.0846323871097934 0.138357532415751 0.0805661833178251 0.124910788855981 0.11051867284548 0.12290818326053 0.137577677256768 0.139462798899397 0.105522003383776 0.11201449513709 0.0892155473532713 0.0824831955225636 0.10365165543979 0.193243416648797 0.0939572783872364 0.0983001571314602 0.0908572997430947 0.191140723795199 0.156141005652856 0.11073079672866 0.102506094981732 0.131103277202981 0.0847418470797305 0.09345207360083 0.195488851544127 0.148044131123713 0.163802844640443 0.153731039304059 0.162420774037428 0.141555707039122
"crypti_crapet" 0.0918703178460903 0 0.0810801965093029 0.139781199070025 0.110860270859504 0.0609062128380674 0.063260614322658 0.0983500086770226 0.133393901667502 0.101338710138529 0.0631781465196151 0.0673303585456508 0.0726288841897734 0.0783518306528591 0.0760406268533572 0.201259350349375 0.11496889556089 0.139110726336468 0.121996227014128 0.102816209827804 0.175621064844011 0.139262512100726 0.123602294320831 0.112300836247511 0.132210331018564 0.140429992190397 0.0788736965324674 0.126217965292217 0.147165198185385 0.133721409732009 0.0951495767857828 0.0877389509193486 0.0828104723549974 0.0795150572479544 0.0683257002110598 0.0820873542170244 0.0850646204936314 0.0849643588711904 0.10536611562568 0.0748802083714773 0.0980230370828385 0.078657409270198 0.0906887439893221 0.0949617342391176 0.0811569286416045 0.124202464995286 0.0713615921389973 0.102142371008611 0.0624951959374938 0.0750159565432251 0.0789598012949873 0.0770144411431453 0.11073148907898 0.106424635564162 0.105484050992348 0.122740601870536 0.105690059910627 0.0998573695772456 0.0754625761556732 0.0854888684012952 0.0855182348074496 0.0973689603524286 0.0999745484867212 0.101294107744819 0.0691493757624913 0.12125953023107 0.0934925555560389 0.0904014401177301 0.0905804802530902 0.0631728754944229 0.138241229436282 0.110952716072605 0.0732559841070514 0.107264555420363 0.114767864185103 0.107320186625941 0.100161683443237 0.124994719564439 0.0957040514991881 0.105283119824728 0.087233163416263 0.175516460840908 0.113705822412189 0.142568643544549 0.119330696866352 0.111424220344789 0.168448060478038 0.148299076877552 0.101497627126167 0.102242574734352 0.133467610152292 0.154494869050687 0.126865924915552 0.140417159985044 0.134322432866846 0.0988404180894605 0.143974535050389 0.109183073487264 0.145154181477519 0.157101877511176 0.1194211093053 0.150213869935615 0.101921643534127 0.11357763404376 0.116074190667649 0.104423040115648 0.0706359492252106 0.134934263166818 0.184879320227335 0.116109244979743 0.105381625103859 0.10545452247432 0.119037067213236 0.123768982594186 0.114526973285239 0.0792352207954103 0.117081216390004 0.135549746959039 0.134245691571504 0.10740612848694 0.111902940373448 0.116525048627507 0.131605582526662 0.121821346193536 0.109025558870115 0.148736089356077 0.0842673026369354 0.104929423535428 0.106459104633753 0.130726072966686 0.170779173185466 0.133251983685063 0.151157306372901 0.147398398758721 0.138168439766035 0.0983129442407795 0.114005432580864 0.228302750239565 0.11199140004287 0.128562183811546 0.118609173563053 0.209186923287378 0.163898076058403 0.125347059662311 0.101625707132818 0.148525480128143 0.0839395176739343 0.117472015068184 0.199118703171504 0.173608891327841 0.152022487311103 0.139036732504916 0.164573744115354 0.146228645755324
"crypti_cubdis" 0.0629013435073649 0.0810801965093029 0 0.116035883089042 0.131139703894258 0.0816426535602746 0.0938752918655441 0.126371610763929 0.139304934085593 0.0747785769241354 0.0685140301496629 0.0792999437113256 0.0593531192765361 0.0574702517119611 0.113348546354245 0.187846572276868 0.108381346137471 0.145997138453149 0.120655206428562 0.117562019504888 0.171949722563632 0.13031290495437 0.135927891773828 0.108358265104792 0.124853566325264 0.13995622812872 0.0795816879800794 0.132336984146984 0.143010763505111 0.135563645421373 0.119816510231235 0.0740075708857069 0.103716460372151 0.0949428642123931 0.0827340108237207 0.117594532166108 0.130698788614958 0.115842409865193 0.118275259753003 0.118732055869094 0.110322896141257 0.118076797866525 0.115822599099158 0.10295343877146 0.114416908415314 0.140893522432175 0.0975020426585995 0.0983893965131491 0.0920941823677705 0.0907027441233274 0.10957382111497 0.0853268562678371 0.136012611426069 0.127797078829365 0.127649237949377 0.151347076866905 0.108422988124855 0.116100659131275 0.0973379825253393 0.110195989929006 0.112364013710565 0.132540747018043 0.108653553313354 0.101580534957159 0.110988563695121 0.123518323046946 0.0823237373915757 0.131480615364348 0.0872649961589229 0.0690146696968797 0.144038747228779 0.0875491853995813 0.0959186234582171 0.100549129443425 0.105005154236656 0.073316661988834 0.0846872181632303 0.133147221137292 0.0860478331357715 0.10882344028864 0.10376042264939 0.14655655480837 0.100288154113038 0.140674981161526 0.12810753589159 0.108236031661506 0.148293401739953 0.128201445428185 0.133134688264047 0.127668034870135 0.153472282826751 0.162170202417676 0.118455571893143 0.141608217347429 0.138988647705047 0.122167635194548 0.120568970388998 0.114054024820794 0.141317156594897 0.146405806753021 0.116200446809424 0.14512767228006 0.11269853356884 0.112300609145668 0.118270903696281 0.109218773766141 0.105830604265184 0.134697051489384 0.19287250251342 0.116320951643794 0.122823794602099 0.111531146376366 0.127008755317334 0.122968622715647 0.0938103251929208 0.104801742586512 0.131890931335513 0.132798152930672 0.145437518371813 0.10563568904578 0.113482313170233 0.117590195141941 0.127457017286925 0.149638874390656 0.082155684735425 0.144241682244183 0.0916717822438174 0.113565687276967 0.110221786226752 0.121535719179203 0.137382908478896 0.136854303747981 0.140783699086841 0.11941066015889 0.122339145152156 0.0942872277082398 0.113326409422311 0.198737767940345 0.10755267693445 0.114521964711402 0.102270567676167 0.198876275865098 0.158739596923065 0.118043158291008 0.106328531854771 0.129676539986796 0.0754812263589759 0.096597256313616 0.186554125492149 0.15225131219728 0.159204082094937 0.144180688570919 0.165670015596634 0.135582279674884
"crypti_demcor" 0.108852999961392 0.139781199070025 0.116035883089042 0 0.214311134343709 0.15067273242637 0.164789431895268 0.193791208330756 0.117094158412417 0.106556202652379 0.120205673623332 0.118424583118894 0.116785658117502 0.118197396503868 0.173760185501023 0.151156123279005 0.100276023931951 0.136193164604286 0.117408641439275 0.173694922226708 0.122327660508554 0.113490171308729 0.192579288481285 0.140335213709881 0.128016172180641 0.114538886359713 0.105096743789647 0.128888814416682 0.143541676723312 0.153896489376317 0.200121595298119 0.141077043797321 0.17403741632524 0.174645558517805 0.141894454301746 0.18289230077894 0.196169103654039 0.179605784871648 0.184172872107404 0.176045229892274 0.184260121359676 0.19569972116149 0.193710218832147 0.165723265903429 0.182758601958001 0.222716128162714 0.150338994112424 0.106391875808374 0.139129565913191 0.167497918500551 0.158636572140617 0.16030545209883 0.193113955512217 0.177202611045599 0.182032465527246 0.191197451546126 0.123642745508209 0.201201488186977 0.148071890374521 0.138579676455011 0.151510259594459 0.154133942265951 0.159048809351479 0.157244954466505 0.169489707297357 0.130897248089114 0.115022377372917 0.178305400324144 0.0997240181175218 0.132591101038492 0.152199302628634 0.0995884167051606 0.152464290181226 0.108120730630541 0.0909437082551444 0.0801619338488776 0.111183166526998 0.156079597629855 0.131361380061669 0.114188386548899 0.129722156157501 0.104802328510996 0.0918049571712217 0.110897027491043 0.155473965604698 0.12918812695775 0.0878829932984366 0.125334997501156 0.188762689067237 0.187161879014017 0.185580025075118 0.165149069209259 0.109985320612257 0.176276964473258 0.161777531270897 0.17860025663438 0.147789717898381 0.135100735297729 0.143687721112126 0.113223675638316 0.0793586591764331 0.118714062827201 0.128223793761995 0.155252331830935 0.205690048857983 0.122877467835267 0.172989014903645 0.0914452867950805 0.169464902404368 0.166966223310496 0.196316234746071 0.116009284623156 0.177995160584428 0.162667972727491 0.127261917104941 0.166841285123923 0.176782850326279 0.179148728509751 0.196232936619691 0.156512643921834 0.15509451855723 0.189746786295442 0.129202311513145 0.210118857801216 0.161336128027426 0.123323097590419 0.0975316386318226 0.166828707259274 0.13406851786178 0.113669583600499 0.129663040946277 0.133204563375778 0.106960464618793 0.0805805221329959 0.105185775821987 0.10365522165924 0.10501271568797 0.240521215051595 0.120139143055055 0.105037147544798 0.12494831343786 0.148259961798206 0.143529810482128 0.115366285101182 0.129756973092342 0.174009195400829 0.132396435012949 0.100353489415291 0.16559621865471 0.128980074898227 0.160250674944586 0.16253429087479 0.15449433984423 0.129799042628628
"crypti_echrel" 0.161727353328493 0.110860270859504 0.131139703894258 0.214311134343709 0 0.135060426421877 0.106705503941682 0.117800066805003 0.229438254844819 0.163845647487494 0.128343928095536 0.127556438166867 0.145004956673586 0.129221547806287 0.105599106051072 0.251886832049088 0.19455127930219 0.187346147786966 0.189482022129384 0.116534916825433 0.242057654558086 0.196207528594409 0.139232978903059 0.180394738262871 0.200207165615017 0.206432750747307 0.160026117807279 0.182160265124678 0.200178114513024 0.172135157507792 0.074278741860635 0.149675542182069 0.0950994065257589 0.126767416671481 0.113850528297962 0.0886160699936756 0.0873149033793692 0.0834755421509186 0.0845068669935728 0.11456153350252 0.0797283235173292 0.0803414529960488 0.0874042460380754 0.0920106365118276 0.089852872539109 0.0954657948915067 0.118845231215671 0.185011260456286 0.135458809949583 0.123951186618589 0.121623625496333 0.107089773202179 0.104065047836451 0.111224707748684 0.0934793508058471 0.116049619548037 0.155717973382631 0.0568343818636446 0.135604661816465 0.164285632354517 0.15490089987311 0.147633241991669 0.11484772031024 0.113015107854418 0.0990177753101299 0.196536477199333 0.163944255004443 0.117799209853016 0.174252420159863 0.12352191074635 0.158513399400078 0.183233084116517 0.10863677633574 0.184001332141587 0.196089773957558 0.178398479163561 0.172212405411683 0.169822636142885 0.140023397322456 0.170771862665789 0.15211799116343 0.23794387405463 0.184521298939926 0.215239378598695 0.153779356379192 0.159048637708528 0.244445079498728 0.203424638646963 0.114001892085584 0.111960426536685 0.167231977820312 0.197543203763479 0.195420031556726 0.168693343725254 0.190242926532957 0.106193200309995 0.197890744470287 0.172713773005937 0.193802032969708 0.229447182432702 0.194310447849372 0.217378214512853 0.163635208340003 0.14184680923753 0.0990485328679937 0.156170089638971 0.117665307602337 0.203478347448295 0.228968079945645 0.166488389150879 0.0826188288233681 0.176369361602862 0.139154601397536 0.158340484209372 0.171453058939511 0.109694237217117 0.164506398985675 0.164411320802306 0.103581071095166 0.136344016143084 0.155513392787217 0.126205950615556 0.192924283538319 0.110795496231218 0.150672190469326 0.200895139740753 0.169501989610025 0.128360839763614 0.175133852885664 0.197090752408347 0.221882989864133 0.191936782283537 0.221517890155059 0.212149095364363 0.213562603521298 0.176340267862173 0.189961857951519 0.246580353120298 0.184871460482172 0.202498902229579 0.178835908229219 0.26406490157764 0.222854948085181 0.184750311475338 0.161546763242331 0.175683493344644 0.136821843250696 0.187619341972576 0.226695517516125 0.240051709561068 0.188526708807681 0.156458237805183 0.219324470675467 0.191598836277709
"crypti_javsp." 0.0760921634438023 0.0609062128380674 0.0816426535602746 0.15067273242637 0.135060426421877 0 0.076443959084567 0.118474671316133 0.132493893575772 0.0975910550288535 0.0744503822328422 0.0850593126750628 0.0637261821356744 0.0769262512392033 0.103037247611665 0.213682775695489 0.116282494422955 0.153413702077583 0.127987981907357 0.113407333445208 0.190123162331726 0.158054575695884 0.124905474811108 0.0982042712245592 0.1357203616979 0.15522241969002 0.0916032270682717 0.149056611349738 0.15665012740622 0.145424494381377 0.113656685271041 0.0684729890030023 0.106456083133593 0.0813572635088334 0.0763842216874029 0.104395456542378 0.110609745872833 0.108211491193673 0.128493793028232 0.0951320130167666 0.112584870443274 0.0994026315848275 0.109127994499226 0.118801780567298 0.10914887237164 0.133853160215117 0.0849105714468969 0.0973918835438283 0.0774004277316804 0.0669513122983406 0.0954055137441997 0.0844252434483266 0.139837688528243 0.136114478633159 0.130900600794423 0.147493416546863 0.125986616000821 0.107517592392572 0.0799542238840615 0.0919410870020893 0.101911505161353 0.118445285657479 0.117936695510405 0.116536329712306 0.0941259684281249 0.11336334130925 0.0855272864199731 0.113456488959431 0.0821400007889242 0.0706326719436921 0.170605237222202 0.0990830445422612 0.0820991069999928 0.105210058265965 0.117050216058903 0.105381492410244 0.101268596669386 0.129591937199707 0.10251606383322 0.119772556134883 0.0991771638616574 0.17946854877803 0.118764609174192 0.148784183578861 0.130407380877788 0.123253302862518 0.17322053867857 0.149861717991723 0.115185277358122 0.118398424695033 0.152336706862411 0.166802907130294 0.130223544749737 0.149016129940209 0.136470622510327 0.123751822507536 0.136301359500418 0.109587768346449 0.153073663722427 0.170510755651115 0.135411064223712 0.166701814063537 0.117309458043981 0.127295502572064 0.115497792123837 0.128917932961115 0.0833533943056472 0.144802843269607 0.19984501526764 0.103684930127673 0.12270367667063 0.119287982996898 0.126810905206571 0.118211390957376 0.119482774924808 0.0903048537029217 0.111839238809968 0.142057677456288 0.160582154945588 0.108664105333067 0.115481774207165 0.12118293572773 0.147250148811262 0.146058991416155 0.0937804129083031 0.168643030557808 0.0909259507431538 0.113914569479035 0.108299859091278 0.13932909793845 0.170056214515347 0.149039126626624 0.150672940269771 0.155660959347118 0.129491475304538 0.101633465894544 0.120578195541757 0.207558230431433 0.0988485246636818 0.129712974464232 0.114249250471585 0.22437314292133 0.171674717458064 0.134798486438017 0.103542719294035 0.146009854271101 0.0927839407294601 0.118345721304791 0.222125485567277 0.179134369604965 0.172348610234905 0.157741000802443 0.178904208815205 0.160579868869499
"crypti_litnoh" 0.108589075950425 0.063260614322658 0.0938752918655441 0.164789431895268 0.106705503941682 0.076443959084567 0 0.0792176369936928 0.15332462965092 0.117563980213534 0.0844335721670779 0.0739197064064183 0.0912861217284782 0.0858860714502788 0.0864655953026987 0.221335450327199 0.12617436462566 0.165340130127625 0.142617629932286 0.107963638174953 0.189673618928953 0.139553714286575 0.123964240806276 0.132959925829848 0.146566657465115 0.166939766001714 0.102264033287926 0.144177931852095 0.162203997673244 0.147152251946864 0.0781542977498586 0.113547352369494 0.0919321525008291 0.0980077356807152 0.0821525139032092 0.0954356913762514 0.0907044210860547 0.0854302086314783 0.105801399381325 0.0768176356944114 0.0995211059579873 0.0839041326652254 0.0818499870846117 0.0978803367299833 0.0928416367711105 0.116771167717249 0.0875621443883705 0.110176822178773 0.0754657553359903 0.0858487080962737 0.0849136357719377 0.0634584367570659 0.0998211184706787 0.107018050974346 0.0957164298919971 0.121914912216259 0.126130813308135 0.0973636869949335 0.0983419623175792 0.103620153080199 0.093303108468223 0.109208600598987 0.102545435216513 0.0947769517822507 0.0800790369784458 0.142585548405447 0.108168462616432 0.088982117178031 0.112394523840148 0.0708813480238809 0.137120614430139 0.121139088413322 0.0682046759230858 0.118838123668351 0.146087636820148 0.125398361161246 0.110848044939168 0.139677260824002 0.113869007126524 0.126132579100981 0.11170605665582 0.19364501244738 0.135882793312203 0.163864820047064 0.141752204733377 0.128470065311144 0.193100009120134 0.168552753945136 0.106028745860869 0.110909882563894 0.140274453215867 0.166486613364106 0.148730122772428 0.153954224136117 0.154988660515772 0.0975891399575622 0.160776367810339 0.141951751102731 0.160709176512386 0.169499198741443 0.146130845877879 0.170873962185672 0.13232029542216 0.119343946474625 0.129395127226755 0.112920002678227 0.0940370944669217 0.163412883163892 0.188247175509609 0.112820637851993 0.10173594154029 0.115195236658407 0.113518675216089 0.133443629480789 0.133087106001331 0.08585249754848 0.1136756331064 0.131718368328619 0.126498724698629 0.115358753940091 0.111797413280439 0.112879596310812 0.142051595055977 0.116604790411722 0.113803901913566 0.167224844021809 0.114626013822368 0.131704430739751 0.124824986802988 0.148863041862638 0.188584155140479 0.154722479563068 0.168551906394158 0.164516410308386 0.154758633034658 0.112332158356491 0.131701011728864 0.226274338045843 0.130958711836542 0.143809273611089 0.141493368607376 0.225758640454635 0.184330626344007 0.14067522034737 0.117960844381216 0.1562852354682 0.0878198701304895 0.137450837204919 0.204071250821349 0.193734136469814 0.169590762134927 0.143198580069964 0.170281181404745 0.167443245726335
"crypti_manbak" 0.142302997633071 0.0983500086770226 0.126371610763929 0.193791208330756 0.117800066805003 0.118474671316133 0.0792176369936928 0 0.185186547147686 0.152656423554721 0.108324959344937 0.0995413380462286 0.13683392552245 0.120644872432073 0.0793794906575566 0.243889641568694 0.173905824138135 0.192847204245949 0.183367418375896 0.145151382651831 0.232437949785964 0.160646606934963 0.163958770260382 0.178178123559895 0.181751552091349 0.213405303467452 0.144537074886948 0.177085432391626 0.201881213803209 0.181045856996167 0.0797773491150126 0.144326929335625 0.0978172992953847 0.123432526095758 0.111761842345411 0.107650995780576 0.0918944264368952 0.0873475959009972 0.100174518414517 0.107099868667387 0.0980245793947905 0.0952530393737828 0.0765345944137649 0.0967214714258026 0.10232179586341 0.129367332489979 0.114312556900003 0.160796910558691 0.110456868522303 0.11919975885162 0.0886366831447425 0.0931237157000479 0.100409920751316 0.10078687888447 0.0962830440636623 0.122036048817095 0.130217057946302 0.1215011326137 0.125021054275575 0.137751476373964 0.106306372238232 0.124270615372762 0.0866431823177855 0.107816320833909 0.0909492556677704 0.16580759664001 0.140721066806986 0.089652443026991 0.154125554005455 0.107990530643091 0.149884376321232 0.161999073831075 0.113517710732688 0.160192246193893 0.172176546584314 0.153275833475923 0.130856400064183 0.188248074912383 0.156278163983552 0.166616837033463 0.151955504128469 0.218546422724719 0.175057034851248 0.198878563408168 0.17171833981942 0.161684199987192 0.227229035289422 0.199164372222457 0.145800205033325 0.149191266117071 0.177530233563488 0.193725624054405 0.186551574926107 0.192842122462693 0.195837600166002 0.119043004740048 0.191345631160724 0.179624031143182 0.191841775501443 0.200863476354327 0.181010853742737 0.20284620858335 0.162767205915117 0.115542651210546 0.14692076324107 0.150108777432091 0.116571850712939 0.196103402054862 0.230187328446177 0.162174963850604 0.132564407462407 0.157365988465124 0.157291107473535 0.164465665062346 0.170607061664625 0.129776884886758 0.16235824720256 0.171973049396935 0.147799973881792 0.167470447418621 0.151152690815124 0.149061289850616 0.177939852677625 0.132172371788864 0.15043442228498 0.185933979255342 0.153744659493341 0.1646710899126 0.169464058875974 0.179138950407997 0.205786454380354 0.191662546226955 0.202500592503729 0.199668270339701 0.192683353110106 0.165822462281426 0.178525403948385 0.270173317320661 0.172990526015998 0.179598347359995 0.178511583215305 0.252141252351909 0.206411582862387 0.175839605736512 0.162289877979895 0.179550270137661 0.134654187445769 0.181176649110735 0.221470945521285 0.226341207695554 0.204051643485697 0.177369796187845 0.204777336431813 0.199790842938564
"crypti_notinc" 0.123928690221207 0.133393901667502 0.139304934085593 0.117094158412417 0.229438254844819 0.132493893575772 0.15332462965092 0.185186547147686 0 0.14017884639225 0.138471141783262 0.133015420099677 0.122461183829508 0.136741931015363 0.167543420050388 0.22001178630758 0.110571404502744 0.189995016492287 0.14964574200791 0.198060812739542 0.171598567931393 0.148052390569388 0.207237780723578 0.151725953091603 0.152478622672376 0.160329800891668 0.0943555480173337 0.170020790015038 0.180433147369126 0.195485937471667 0.205559094835085 0.140304669304533 0.181967265847503 0.167629803140374 0.153955186457246 0.195616644528474 0.195873756660105 0.188603699274476 0.209390264763341 0.166589554707113 0.20524171171091 0.193785948976475 0.194069541900087 0.195083201777643 0.188397576684765 0.226439174290653 0.163823278158273 0.105706656715552 0.13016830971989 0.157042382135657 0.163916874146564 0.164961983290161 0.203404340547373 0.203408509025004 0.201157827397912 0.207960559031223 0.15763747801656 0.213366705069744 0.141436250641999 0.134302236674358 0.130257360537212 0.149456305897296 0.184020181490943 0.188474478164424 0.171088581758454 0.115736277895152 0.118053513067532 0.175601531198544 0.108886367459352 0.14207778900844 0.183689324913466 0.114979889513038 0.152795855802653 0.126290662390798 0.117743855866398 0.110913433700494 0.117624854535654 0.180727699320436 0.165117979332706 0.147062140326474 0.143003964937893 0.165548090744885 0.135014178241796 0.14918940312343 0.193862425769423 0.170367481135922 0.140676385417583 0.17689347438458 0.19520524634021 0.199560175582675 0.199495764805851 0.200052982644418 0.152169335882143 0.20488282812229 0.183739790673203 0.190796118518395 0.180318827245035 0.16022147451192 0.186585709413343 0.131501541362959 0.128454061413682 0.158792405157108 0.156722580308754 0.176741327670078 0.224231628258595 0.160494558712125 0.161651200894895 0.149127290136003 0.202177846756505 0.147135444731523 0.204761839621237 0.106302116925658 0.188078470426206 0.168957491488463 0.151083477836152 0.16944073071919 0.157549796667763 0.17883524393552 0.217947068474878 0.179386288597025 0.153144247544731 0.194286055250378 0.13736203204468 0.216738817092506 0.158549861260794 0.185916162691863 0.117448778389431 0.197096667709251 0.146025142451612 0.148124961565658 0.184910248832289 0.170361022729154 0.140022359721512 0.138650801168322 0.124647475150591 0.111721249587943 0.129792119217078 0.26854972576428 0.136421701161343 0.132125348825143 0.157063577593281 0.208231749334969 0.183118262072343 0.150753964567548 0.152988534132011 0.207287918591567 0.142468645404586 0.135724868670462 0.213326976826994 0.179280471192264 0.203091175824332 0.208855868911923 0.185948559312557 0.187756529705569
"crypti_oretsu" 0.0580390185059618 0.101338710138529 0.0747785769241354 0.106556202652379 0.163845647487494 0.0975910550288535 0.117563980213534 0.152656423554721 0.14017884639225 0 0.0650959695735994 0.0886593975930661 0.0630996527279076 0.0869630734055966 0.14513918463902 0.144390466327631 0.0897503294866266 0.113859476455687 0.0924594367303274 0.112470138864717 0.136910205474421 0.124531299079161 0.115782636739911 0.0757562163799815 0.0899789611732443 0.106820259081157 0.0984758523436904 0.100623705407432 0.108889270903832 0.101186173560393 0.152085204924757 0.0883201900187343 0.141442628782673 0.121200079870499 0.104467982348913 0.136856631115256 0.164096317803234 0.151184830947085 0.144402624851669 0.153943829257414 0.145041436763152 0.151206574423526 0.144490650758094 0.129809929763566 0.148398224293234 0.180411439746711 0.104207448613581 0.0829616220523022 0.104921403964482 0.129503236279533 0.136628078356126 0.106473529707479 0.161135079902962 0.145285474368481 0.153756832757139 0.174041985194835 0.116362309111929 0.144683337382411 0.120923618967879 0.103238999396397 0.132908819726167 0.150876326062535 0.135739184773875 0.115184906198845 0.145210916155734 0.123406592237318 0.090938277459015 0.150901827614256 0.0817561454330549 0.0885618244916722 0.170558912895742 0.0877727923257631 0.112078521306464 0.0682154823007076 0.0831916352785371 0.0670114462186842 0.0996968593321362 0.102489041851868 0.0730361557551655 0.0723235977020824 0.111356903861204 0.112585738444815 0.0588811232987561 0.100122559051501 0.100596868741678 0.0804739739055015 0.108585883345653 0.0855395689823998 0.131476927870747 0.129047501685118 0.130162970647966 0.131521946030336 0.078955478178346 0.113781002873565 0.103595205862494 0.143327768440281 0.0839076217575232 0.0940008434157505 0.0976398481690172 0.12284753848397 0.0917758454418711 0.114084325765423 0.110050662906041 0.127552092006959 0.148697037729278 0.102486712985232 0.137188793169907 0.10274853819199 0.163794201934471 0.128662770442383 0.143062150835212 0.102839357610194 0.132865897941313 0.126123974485717 0.0832136791519718 0.123919805794921 0.13669887959262 0.148546191027249 0.162554148936024 0.110149244719503 0.119111582904246 0.139526043607812 0.12967591638307 0.173260041764228 0.106778548769339 0.113326571499761 0.0754087175054432 0.113236720330871 0.0804668535501627 0.0886513180916569 0.108578983653913 0.101298542203975 0.102616234426878 0.0916047264762853 0.0834330481084125 0.0774254866439965 0.0774552197842653 0.191238696182101 0.0731615069517796 0.0778873068244948 0.0624175829028423 0.152208836012406 0.121477669493974 0.0821364234935923 0.074184146856845 0.0962522115877852 0.08157308101491 0.0735833479933359 0.164823610078373 0.114073067786637 0.123543024020054 0.127786989515032 0.129191921706169 0.101542177323051
"crypti_parple" 0.0718946194436232 0.0631781465196151 0.0685140301496629 0.120205673623332 0.128343928095536 0.0744503822328422 0.0844335721670779 0.108324959344937 0.138471141783262 0.0650959695735994 0 0.0515488651035494 0.0658446964081664 0.0699692101873167 0.0932008503098345 0.165685564534662 0.106802942653768 0.113732150359533 0.100728569872217 0.102173885030207 0.16493735805582 0.122681352132974 0.109965502003375 0.09407750816539 0.105158328122227 0.131198987434649 0.0869599238039472 0.10508051016658 0.131147535832176 0.111980721891927 0.109830352462545 0.0808404255094628 0.0943009583957381 0.0955801544099681 0.0744537948138994 0.0925419305634648 0.115723129539728 0.10733208889377 0.099444313627916 0.116640371946777 0.0997340133815224 0.104247889199776 0.102830108434741 0.0848163028959334 0.105337018318109 0.146794823025743 0.0681251877373912 0.096555746523602 0.0765883720827001 0.101415236184814 0.0893371339395907 0.0751142075053119 0.115888409224477 0.110201218311645 0.115686060855663 0.127392429727619 0.0779509307254002 0.116479628019486 0.0919899716427652 0.0910902438821589 0.0907923073547529 0.111518880039166 0.0919359736883492 0.0820040422600326 0.100209153510148 0.112632257634351 0.0754223525250901 0.103625560613711 0.0828640737183631 0.0654611184853247 0.137141900865219 0.101052488580974 0.0891877600610263 0.0872785344136249 0.0970914012312413 0.0761100210025892 0.0795408679495302 0.114207900179541 0.0842247071710516 0.0855698331172308 0.100791663928696 0.133522228911787 0.092027695335768 0.115112995920117 0.100070049912839 0.0838624076285779 0.138244472990093 0.116370789778413 0.113824542114345 0.114463627344418 0.131255090324749 0.125975990132078 0.101746173696905 0.124543326547932 0.124197256792337 0.113795369091909 0.109661813038047 0.0952109275502001 0.116880782572989 0.137049071230078 0.0971858925068815 0.13086059522764 0.095123693938185 0.0936095248941862 0.125557043461354 0.097366953677105 0.10212123136167 0.109718946739268 0.173974242204703 0.127589390261457 0.115466870965999 0.0976326120187541 0.125141521230878 0.116583692923279 0.09894709086208 0.103209283183359 0.131494606153737 0.145826815581875 0.141412020097347 0.116411215115763 0.109149318089672 0.128672522810892 0.129246259482577 0.140423271978774 0.107081478024066 0.124605881483463 0.0741430441288788 0.0999321598193842 0.0927937622666302 0.100140928987684 0.122638478865537 0.114614532695722 0.127752298165604 0.120739966059537 0.112627083154911 0.0953793034441448 0.100047963401075 0.217991011504897 0.0869705974107639 0.101968300371477 0.0888769627442455 0.175353568319241 0.126851658596413 0.0994369378943285 0.0780981235793283 0.111988861435912 0.0777969156022802 0.1017072199952 0.168175501111962 0.150330566696181 0.130332835296494 0.128440179339437 0.147342429805128 0.115496391995117
"crypti_plasp." 0.08891928292904 0.0673303585456508 0.0792999437113256 0.118424583118894 0.127556438166867 0.0850593126750628 0.0739197064064183 0.0995413380462286 0.133015420099677 0.0886593975930661 0.0515488651035494 0 0.0805456293181865 0.0654922100111331 0.0930760778706468 0.177802780958335 0.102101850431578 0.121979295926026 0.106398480437827 0.101881453982531 0.15929053853993 0.0994871886821034 0.120966557139858 0.116841456945205 0.116006875243966 0.132980146435783 0.0839683355116726 0.116070248783019 0.128938536148983 0.118692052964084 0.100422516763491 0.0998768890266776 0.0926156068723953 0.103816047576339 0.0895090962644495 0.103328105389184 0.109562126388356 0.0976987092129498 0.107333284698314 0.101452007254626 0.104269875892429 0.101970145750958 0.0958487334532818 0.0889108503984183 0.106983312563103 0.138541007435038 0.0725937769174627 0.0941373486175767 0.0717471135907023 0.104067152295453 0.0825068377599092 0.0692744360005393 0.0988601215550987 0.0983004639368715 0.101544697393694 0.113095454158846 0.0845086266904189 0.118846907237436 0.0911820736860939 0.0988900356951906 0.0887827108503293 0.0969788160627426 0.0861164073655687 0.0840821743997944 0.0962558860320423 0.120271173378102 0.0891466621109429 0.0872986505893276 0.0933349496106426 0.067528294485586 0.115485040562397 0.100966163425958 0.0773506320181963 0.0977398082045997 0.115787197575173 0.0927735042119576 0.0844500240859306 0.126017890133745 0.0900206014751209 0.0970720546769647 0.0971329037343881 0.148043298033858 0.0988831437033653 0.122439523194134 0.113351206695013 0.100778529618978 0.149953899157372 0.128873794417657 0.111878686832124 0.11513818478926 0.131521465341475 0.134254187219262 0.110869071069773 0.135603817640264 0.133780592894542 0.0997886224590912 0.133247258599941 0.116896058636475 0.123992881254678 0.137108912132464 0.102571248342581 0.132401406349839 0.107618817581528 0.106233136619574 0.137528045545408 0.0930726804765574 0.0996015665772925 0.118995608461835 0.166398059971812 0.115278698057795 0.111129895658436 0.0961246381413075 0.109764689796691 0.118154473157463 0.110571288386882 0.0988785778942093 0.117431630799032 0.127017893577718 0.127446608283015 0.112696511774418 0.102511097909467 0.117666541221092 0.116025092610256 0.122442671167051 0.114052888099016 0.127405567917022 0.0792142387807017 0.122911256484168 0.102715342783613 0.110348749377999 0.143812400068601 0.121770914786173 0.130813759075983 0.122700682881578 0.119371567716601 0.095528404269877 0.104485408851211 0.237946123190774 0.104894931966026 0.113018515772149 0.108455916445479 0.180758739308232 0.142796553345463 0.098086556649261 0.095257787529179 0.128853502688254 0.0749195353660056 0.106846757125921 0.165310920309312 0.160684918626386 0.135874192656319 0.123655626608603 0.14625876407303 0.128491889762967
"crypti_pledig" 0.0498642967830537 0.0726288841897734 0.0593531192765361 0.116785658117502 0.145004956673586 0.0637261821356744 0.0912861217284782 0.13683392552245 0.122461183829508 0.0630996527279076 0.0658446964081664 0.0805456293181865 0 0.0594615497111478 0.124374472823737 0.183936145811907 0.0863697032193282 0.13387805244848 0.104258695021789 0.103842797703497 0.156044665664277 0.132446017324015 0.120684079239787 0.0747071174515176 0.108705519062769 0.123460133871873 0.0742826676192818 0.121071097814063 0.12616671274816 0.126996974188113 0.12839670275541 0.059639319594957 0.113764854158663 0.0976719207492483 0.0762105777425456 0.112967124259426 0.131398491195274 0.123860153455744 0.131171547714316 0.113893615052208 0.126613218736071 0.117807017713171 0.119376395775073 0.116719106196082 0.120517511136563 0.143740685836519 0.0821267651009755 0.066469906639212 0.07086773464607 0.0808374087927266 0.111499261899043 0.0829448148609727 0.143342730050581 0.130205112192565 0.133471445026207 0.152691845721882 0.11644939545836 0.123435726473403 0.0815162637943443 0.0718535752237807 0.102259622234476 0.121518787910834 0.121018114996556 0.10934370172873 0.114311896744236 0.0958961282081428 0.0595065282501293 0.121786663640463 0.0513575055384369 0.0534943272354898 0.158974290846934 0.0727248489266171 0.0886630414344792 0.0638128027867702 0.0828662787684086 0.0656941256053658 0.0785057983967387 0.115579104883151 0.0709809312564555 0.0945452245007768 0.0882695765167739 0.145244456257141 0.080191982840963 0.124075880231848 0.119584262445701 0.0967625283415411 0.137862500564662 0.115657132521037 0.110022627019001 0.107880781054769 0.135323191544348 0.152493723557717 0.103603750275529 0.131338768903713 0.112800073199318 0.113731101070775 0.10440726748223 0.0916077822652732 0.126829310960372 0.128817553896463 0.104680775990766 0.135092491679439 0.0984057944240332 0.112473481511049 0.129962698154421 0.100380216800991 0.0934484432896894 0.124007799124377 0.171485272090028 0.101631459300266 0.120644985241908 0.0917087325528806 0.118143724436914 0.11862336535617 0.0765632196371 0.101509182002888 0.113769709028349 0.135631216069541 0.152221115474202 0.104835663698742 0.100095377832241 0.110838535232927 0.126569775339261 0.156086088344793 0.0788721739773747 0.137780889693007 0.0650728915200376 0.107308958399521 0.0865962443833408 0.111096922591235 0.138061820886793 0.122575991224694 0.112972323979962 0.122561431941517 0.0970711304874191 0.0714286343106666 0.0848315506603811 0.203162890785415 0.0809760105303971 0.0905360408566116 0.0853214392868585 0.186172770008642 0.146279459953428 0.100527722683867 0.0837536687436331 0.117826481835342 0.0743407134890091 0.0825836764001015 0.188106313006495 0.140695646644156 0.143812906387652 0.13745478617869 0.145323372159512 0.12752213269008
